2
2.5
2.9
3.24483
3.55301
3.83446
4.09525
4.33944
4.56988
4.56988
4.56988
4.56988
4.56988
2
2
2
2
2.5
2.9
3.24483
3.55301
3.83446
4.09525
4.33944
4.56988
4.78871
4.99753
5.19763
5.39003
5.57555
5.57555
5.57555
5.57555
5.57555
5.57555
2
2.5
2.9
3.24483
3.55301
3.83446
4.09525
4.33944
4.56988
4.78871
4.99753
5.19763
5.39003
5.57555
5.75491
5.92867
6.09735
6.26135
6.42106
6.5768
6.72885
6.87746
7.02286
7.16526
7.30482
7.44171
7.57609
7.70809
7.83782
7.96541
8.09095
8.21454
8.33628
8.45624
8.57449
8.69112
8.80618
8.91974
9.03185
9.14257
9.25194
9.36003
9.46687
9.5725
9.67696
9.7803
9.88255
9.98374
10.0839
10.1831
10.2813
10.3785
10.4749
10.5704
10.665
10.7587
10.8517
10.9438
11.0352
11.1258
11.2157
11.3049
11.3933
11.4811
11.5682
11.6546
11.7404
11.8256
11.9102
11.9941
12.0775
12.1603
12.2425
12.3242
12.4054
12.486
12.5661
12.6456
12.7247
12.8033
12.8814
12.959
13.0362
13.1129
13.1892
13.265
13.3404
13.4153
13.4899
13.564
13.6377
13.7111
13.784
13.8566
13.9287
14.0005
14.0719
14.143
14.2137
14.2841
14.3541
14.4237
14.4931
14.5621
14.6307
14.6991
14.7671
14.8348
14.9022
14.9694
15.0362
15.1027
15.1689
15.2348
15.3004
15.3658
15.4309
15.4957
15.5602
15.6245
15.6885
15.7522
15.8157
15.8789
15.9419
16.0046
16.0671
16.1294
16.1914
16.2531
16.3146
16.3759
16.437
16.4978
16.5585
16.6189
16.679
16.739
16.7987
16.8582
16.9176
16.9767
17.0356
17.0943
17.1528
17.2111
17.2692
17.3271
17.3848
17.4423
17.4997
17.5568
17.6138
17.6705
17.7271
17.7835
17.8398
17.8958
17.9517
18.0074
18.0629
18.1183
18.1735
18.2285
18.2834
18.3381
18.3926
18.447
18.5012
18.5552
18.6091
18.6629
18.7164
18.7699
18.8231
18.8763
18.9293
18.9821
19.0348
19.0873
19.1397
19.1919
19.244
19.296
19.3478
19.3995
19.4511
19.5025
19.5537
19.6049
19.6559
19.7068
19.7575
19.8081
19.8586
19.909
19.9592
20.0093
20.0593
20.1091
20.1589
20.2085
20.2579
20.3073
20.3566
20.4057
20.4547
20.5036
20.5523
20.601
20.6495
20.698
20.7463
20.7945
20.8426
20.8906
20.9384
20.9862
21.0338
21.0814
21.1288
21.1761
21.2234
21.2705
21.3175
21.3644
21.4112
21.4579
21.5045
21.551
21.5974
21.6437
21.6899
21.736
21.782
21.782
21.782
21.782
21.782
21.782
21.782
21.782
21.782
21.782
21.782
21.782
21.782
21.782
21.782
21.782
21.782
21.782
21.782
21.782
21.782
21.782
2
2.5
2.9
3.24483
3.55301
3.83446
4.09525
4.33944
4.56988
4.78871
4.99753
5.19763
5.39003
5.57555
5.75491
5.92867
6.09735
6.26135
6.42106
6.5768
6.72885
6.87746
7.02286
7.16526
7.30482
7.44171
7.57609
7.70809
7.83782
7.96541
8.09095
8.21454
8.33628
8.45624
8.57449
8.69112
8.80618
8.91974
9.03185
9.14257
9.25194
9.36003
9.46687
9.5725
9.67696
9.67696
9.67696
9.67696
9.67696
9.67696
9.67696
9.67696
9.67696
9.67696
2
2.5
2.9
3.24483
3.55301
3.83446
4.09525
4.33944
4.56988
4.78871
4.99753
5.19763
5.39003
5.57555
5.75491
5.92867
6.09735
6.26135
6.42106
6.5768
6.72885
6.87746
7.02286
7.16526
7.30482
7.44171
7.57609
7.70809
7.83782
7.96541
8.09095
8.21454
8.33628
8.45624
8.57449
8.69112
8.80618
8.91974
9.03185
9.14257
9.14257
9.14257
9.14257
9.14257
9.14257
9.14257
9.14257
9.14257
9.14257
2
2.5
2.9
3.24483
3.55301
3.83446
4.09525
4.33944
4.56988
4.78871
4.99753
5.19763
5.39003
5.57555
5.75491
5.92867
6.09735
6.26135
6.42106
6.5768
6.72885
6.87746
7.02286
7.16526
7.30482
7.44171
7.57609
7.70809
7.83782
7.96541
8.09095
8.21454
8.33628
8.45624
8.57449
8.69112
8.80618
8.91974
9.03185
9.14257
9.25194
9.36003
9.46687
9.5725
9.67696
9.7803
9.88255
9.98374
10.0839
10.1831
10.2813
10.3785
10.4749
10.5704
10.665
10.7587
10.8517
10.9438
11.0352
11.1258
11.2157
11.3049
11.3933
11.4811
11.5682
11.6546
11.7404
11.8256
11.9102
11.9941
12.0775
12.1603
12.2425
12.3242
12.4054
12.486
12.5661
12.6456
12.7247
12.8033
12.8814
12.959
13.0362
13.1129
13.1892
13.265
13.3404
13.4153
13.4899
13.564
13.6377
13.7111
13.784
13.8566
13.9287
14.0005
14.0719
14.143
14.2137
14.2841
14.3541
14.4237
14.4931
14.5621
14.6307
14.6991
14.7671
14.8348
14.9022
14.9694
15.0362
15.1027
15.1689
15.2348
15.3004
15.3658
15.4309
15.4957
15.5602
15.6245
15.6885
15.7522
15.8157
15.8789
15.9419
16.0046
16.0671
16.1294
16.1914
16.2531
16.3146
16.3759
16.437
16.4978
16.5585
16.6189
16.679
16.739
16.7987
16.8582
16.9176
16.9767
17.0356
17.0943
17.1528
17.2111
17.2692
17.3271
17.3848
17.4423
17.4997
17.5568
17.6138
17.6705
17.7271
17.7835
17.8398
17.8958
17.9517
18.0074
18.0629
18.1183
18.1735
18.2285
18.2834
18.3381
18.3926
18.447
18.5012
18.5552
18.6091
18.6629
18.7164
18.7699
18.8231
18.8763
18.9293
18.9821
19.0348
19.0873
19.1397
19.1919
19.244
19.296
19.3478
19.3995
19.4511
19.5025
19.5537
19.6049
19.6559
19.7068
19.7575
19.8081
19.8586
19.909
19.9592
20.0093
20.0593
20.1091
20.1589
20.2085
20.2579
20.3073
20.3566
20.4057
20.4547
20.5036
20.5523
20.601
20.6495
20.698
20.7463
20.7945
20.8426
20.8906
20.9384
20.9862
21.0338
21.0814
21.1288
21.1761
21.2234
21.2705
21.3175
21.3644
21.4112
21.4579
21.5045
21.551
21.5974
21.6437
21.6899
21.736
21.782
21.8279
21.8738
21.9195
21.9651
22.0106
22.0561
22.1014
22.1466
22.1918
22.2369
22.2818
22.3267
22.3715
22.4162
22.4608
22.5053
22.5498
22.5941
22.6384
22.6825
22.7266
22.7706
22.8145
22.8584
22.9021
22.9458
22.9894
23.0329
23.0763
23.1196
23.1629
23.206
23.2491
23.2921
23.3351
23.3779
23.4207
23.4634
23.506
23.5486
23.591
23.6334
23.6757
23.718
23.7601
23.8022
23.8442
23.8862
23.928
23.9698
24.0116
24.0532
24.0948
24.1363
24.1777
24.2191
24.2604
24.3016
24.3427
24.3838
24.4248
24.4658
24.5066
24.5474
24.5882
24.6288
24.6694
24.71
24.7505
24.7909
24.8312
24.8715
24.9117
24.9518
24.9919
25.0319
25.0719
25.1117
25.1516
25.1913
25.231
25.2707
25.3102
25.3497
25.3892
25.4286
25.4679
25.5072
25.5464
25.5855
25.6246
25.6636
25.7026
25.7415
25.7803
25.8191
25.8579
25.8965
25.9351
25.9737
26.0122
26.0506
26.089
26.1274
26.1656
26.2039
26.242
26.2801
26.3182
26.3562
26.3941
26.432
26.4698
26.5076
26.5453
26.583
26.6206
26.6582
26.6957
26.7332
26.7706
26.8079
26.8452
26.8825
26.9197
26.9568
26.9939
27.031
27.068
27.1049
27.1418
27.1786
27.2154
27.2522
27.2889
27.3255
27.3621
27.3987
27.4352
27.4716
27.508
27.5444
27.5807
27.5807
27.5807
27.5807
27.5807
27.5807
27.5807
27.5807
27.5807
27.5807
27.5807
27.5807
27.5807
27.5807
27.5807
27.5807
27.5807
27.5807
27.5807
27.5807
27.5807
27.5807
27.5807
27.5807
27.5807
27.5807
27.5807
27.5807
2
2.5
2.9
3.24483
3.55301
3.83446
4.09525
4.33944
4.56988
4.78871
4.99753
5.19763
5.39003
5.57555
5.75491
5.92867
6.09735
6.26135
6.42106
6.5768
6.72885
6.87746
7.02286
7.16526
7.30482
7.44171
7.57609
7.70809
7.83782
7.96541
8.09095
8.21454
8.33628
8.45624
8.57449
8.69112
8.80618
8.91974
9.03185
9.14257
9.25194
9.36003
9.46687
9.5725
9.67696
9.7803
9.88255
9.98374
10.0839
10.1831
10.2813
10.3785
10.4749
10.5704
10.665
10.7587
10.8517
10.9438
11.0352
11.1258
11.2157
11.3049
11.3933
11.4811
11.5682
11.6546
11.7404
11.8256
11.9102
11.9941
12.0775
12.1603
12.2425
12.3242
12.4054
12.486
12.5661
12.6456
12.7247
12.8033
12.8814
12.959
13.0362
13.1129
13.1892
13.265
13.3404
13.4153
13.4899
13.564
13.6377
13.7111
13.784
13.8566
13.9287
14.0005
14.0719
14.143
14.2137
14.2841
14.3541
14.4237
14.4931
14.5621
14.6307
14.6991
14.7671
14.8348
14.9022
14.9694
15.0362
15.1027
15.1689
15.2348
15.3004
15.3658
15.4309
15.4957
15.5602
15.6245
15.6885
15.7522
15.8157
15.8789
15.9419
16.0046
16.0671
16.1294
16.1914
16.2531
16.3146
16.3759
16.437
16.4978
16.5585
16.6189
16.679
16.739
16.7987
16.8582
16.9176
16.9767
17.0356
17.0943
17.1528
17.2111
17.2692
17.3271
17.3848
17.4423
17.4997
17.5568
17.6138
17.6705
17.7271
17.7835
17.8398
17.8958
17.9517
18.0074
18.0629
18.1183
18.1735
18.2285
18.2834
18.3381
18.3926
18.447
18.5012
18.5552
18.6091
18.6629
18.7164
18.7699
18.8231
18.8763
18.9293
18.9821
19.0348
19.0873
19.1397
19.1919
19.244
19.296
19.3478
19.3995
19.4511
19.5025
19.5537
19.6049
19.6559
19.7068
19.7575
19.8081
19.8586
19.909
19.9592
20.0093
20.0593
20.1091
20.1589
20.2085
20.2579
20.3073
20.3566
20.4057
20.4547
20.5036
20.5523
20.601
20.6495
20.698
20.7463
20.7945
20.8426
20.8906
20.9384
20.9862
21.0338
21.0814
21.1288
21.1761
21.2234
21.2705
21.3175
21.3644
21.4112
21.4579
21.5045
21.551
21.5974
21.6437
21.6899
21.736
21.782
21.8279
21.8738
21.9195
21.9651
22.0106
22.0561
22.1014
22.1466
22.1918
22.2369
22.2818
22.3267
22.3715
22.4162
22.4608
22.5053
22.5498
22.5941
22.6384
22.6825
22.7266
22.7706
22.8145
22.8584
22.9021
22.9458
22.9894
23.0329
23.0763
23.1196
23.1629
23.206
23.2491
23.2921
23.3351
23.3779
23.4207
23.4634
23.506
23.5486
23.591
23.6334
23.6757
23.718
23.7601
23.8022
23.8442
23.8862
23.928
23.9698
24.0116
24.0532
24.0948
24.1363
24.1777
24.2191
24.2604
24.3016
24.3427
24.3838
24.4248
24.4658
24.5066
24.5474
24.5882
24.6288
24.6694
24.71
24.7505
24.7909
24.8312
24.8715
24.9117
24.9518
24.9919
25.0319
25.0719
25.1117
25.1516
25.1913
25.231
25.2707
25.3102
25.3497
25.3892
25.4286
25.4679
25.5072
25.5464
25.5855
25.6246
25.6636
25.7026
25.7415
25.7803
25.8191
25.8579
25.8965
25.9351
25.9737
26.0122
26.0506
26.089
26.1274
26.1656
26.2039
26.242
26.2801
26.3182
26.3562
26.3941
26.432
26.4698
26.5076
26.5453
26.583
26.6206
26.6582
26.6957
26.7332
26.7332
26.7332
26.7332
26.7332
26.7332
26.7332
26.7332
26.7332
26.7332
26.7332
26.7332
26.7332
26.7332
26.7332
26.7332
26.7332
26.7332
26.7332
26.7332
26.7332
26.7332
26.7332
26.7332
26.7332
26.7332
2
2.5
2.9
3.24483
3.55301
3.83446
4.09525
4.33944
4.56988
4.78871
4.99753
5.19763
5.39003
5.39003
5.39003
5.39003
5.39003
5.39003
2
2.5
2.9
3.24483
3.55301
3.83446
4.09525
4.33944
4.56988
4.78871
4.99753
5.19763
5.39003
5.57555
5.75491
5.92867
6.09735
6.26135
6.42106
6.5768
6.72885
6.87746
7.02286
7.16526
7.30482
7.44171
7.57609
7.70809
7.83782
7.96541
8.09095
8.21454
8.33628
8.45624
8.57449
8.69112
8.80618
8.91974
9.03185
9.14257
9.25194
9.36003
9.46687
9.5725
9.67696
9.7803
9.88255
9.98374
10.0839
10.1831
10.2813
10.3785
10.4749
10.5704
10.665
10.7587
10.8517
10.9438
11.0352
11.1258
11.2157
11.3049
11.3933
11.4811
11.5682
11.6546
11.7404
11.8256
11.9102
11.9941
12.0775
12.1603
12.2425
12.3242
12.4054
12.486
12.5661
12.6456
12.7247
12.8033
12.8814
12.959
13.0362
13.1129
13.1892
13.265
13.3404
13.4153
13.4899
13.564
13.6377
13.7111
13.784
13.8566
13.9287
14.0005
14.0719
14.143
14.2137
14.2841
14.3541
14.4237
14.4931
14.5621
14.6307
14.6991
14.7671
14.8348
14.9022
14.9694
15.0362
15.1027
15.1689
15.2348
15.3004
15.3658
15.4309
15.4957
15.5602
15.6245
15.6885
15.7522
15.8157
15.8789
15.9419
16.0046
16.0671
16.1294
16.1914
16.2531
16.3146
16.3759
16.437
16.4978
16.5585
16.6189
16.679
16.739
16.7987
16.8582
16.9176
16.9767
17.0356
17.0943
17.1528
17.2111
17.2692
17.3271
17.3848
17.4423
17.4997
17.5568
17.6138
17.6705
17.7271
17.7835
17.8398
17.8958
17.9517
18.0074
18.0629
18.1183
18.1735
18.2285
18.2834
18.3381
18.3926
18.447
18.5012
18.5552
18.6091
18.6629
18.7164
18.7699
18.8231
18.8763
18.9293
18.9821
19.0348
19.0873
19.1397
19.1919
19.244
19.296
19.3478
19.3995
19.4511
19.5025
19.5537
19.6049
19.6559
19.7068
19.7575
19.8081
19.8586
19.909
19.9592
20.0093
20.0593
20.1091
20.1589
20.2085
20.2579
20.3073
20.3566
20.4057
20.4547
20.5036
20.5523
20.601
20.6495
20.698
20.7463
20.7945
20.8426
20.8906
20.9384
20.9862
21.0338
21.0814
21.1288
21.1761
21.2234
21.2705
21.3175
21.3644
21.4112
21.4579
21.5045
21.551
21.5974
21.6437
21.6899
21.736
21.782
21.8279
21.8738
21.9195
21.9651
22.0106
22.0561
22.1014
22.1466
22.1918
22.2369
22.2818
22.3267
22.3715
22.4162
22.4608
22.5053
22.5498
22.5941
22.6384
22.6825
22.7266
22.7706
22.8145
22.8584
22.9021
22.9458
22.9894
23.0329
23.0763
23.1196
23.1629
23.206
23.2491
23.2921
23.3351
23.3779
23.4207
23.4634
23.506
23.5486
23.591
23.6334
23.6757
23.718
23.7601
23.8022
23.8442
23.8862
23.928
23.9698
24.0116
24.0532
24.0948
24.1363
24.1777
24.2191
24.2604
24.3016
24.3427
24.3838
24.4248
24.4658
24.5066
24.5474
24.5882
24.6288
24.6694
24.71
24.7505
24.7909
24.8312
24.8715
24.9117
24.9518
24.9919
25.0319
25.0719
25.1117
25.1516
25.1913
25.231
25.2707
25.3102
25.3497
25.3892
25.4286
25.4286
25.4286
25.4286
25.4286
25.4286
25.4286
25.4286
25.4286
25.4286
25.4286
25.4286
25.4286
25.4286
25.4286
25.4286
25.4286
25.4286
25.4286
25.4286
25.4286
25.4286
25.4286
25.4286
25.4286
25.4286
2
2.5
2.9
3.24483
3.55301
3.83446
4.09525
4.33944
4.56988
4.78871
4.99753
5.19763
5.39003
5.57555
5.75491
5.92867
6.09735
6.26135
6.42106
6.5768
6.72885
6.87746
7.02286
7.16526
7.30482
7.44171
7.57609
7.70809
7.83782
7.96541
8.09095
8.21454
8.33628
8.45624
8.57449
8.69112
8.80618
8.91974
9.03185
9.14257
9.25194
9.36003
9.46687
9.5725
9.67696
9.7803
9.88255
9.98374
10.0839
10.1831
10.2813
10.3785
10.4749
10.5704
10.665
10.7587
10.8517
10.9438
11.0352
11.1258
11.2157
11.3049
11.3933
11.4811
11.5682
11.6546
11.7404
11.8256
11.9102
11.9941
12.0775
12.1603
12.2425
12.3242
12.4054
12.486
12.5661
12.6456
12.7247
12.8033
12.8814
12.959
13.0362
13.1129
13.1892
13.265
13.3404
13.4153
13.4899
13.564
13.6377
13.7111
13.784
13.8566
13.9287
14.0005
14.0719
14.143
14.2137
14.2841
14.3541
14.4237
14.4931
14.5621
14.6307
14.6991
14.7671
14.8348
14.9022
14.9694
15.0362
15.1027
15.1689
15.2348
15.3004
15.3658
15.4309
15.4957
15.5602
15.6245
15.6885
15.7522
15.8157
15.8789
15.9419
16.0046
16.0671
16.1294
16.1914
16.2531
16.3146
16.3759
16.437
16.4978
16.5585
16.6189
16.679
16.739
16.7987
16.8582
16.9176
16.9767
17.0356
17.0943
17.1528
17.2111
17.2692
17.3271
17.3848
17.4423
17.4997
17.5568
17.6138
17.6705
17.7271
17.7835
17.8398
17.8958
17.9517
18.0074
18.0629
18.1183
18.1735
18.2285
18.2834
18.3381
18.3926
18.447
18.5012
18.5552
18.6091
18.6629
18.7164
18.7699
18.8231
18.8763
18.9293
18.9821
19.0348
19.0873
19.1397
19.1919
19.244
19.296
19.3478
19.3995
19.4511
19.5025
19.5537
19.6049
19.6559
19.7068
19.7575
19.8081
19.8586
19.909
19.9592
20.0093
20.0593
20.1091
20.1589
20.2085
20.2579
20.3073
20.3566
20.4057
20.4547
20.5036
20.5523
20.601
20.6495
20.698
20.7463
20.7945
20.8426
20.8906
20.9384
20.9862
21.0338
21.0814
21.1288
21.1761
21.2234
21.2705
21.3175
21.3644
21.4112
21.4579
21.5045
21.551
21.5974
21.6437
21.6899
21.736
21.782
21.8279
21.8738
21.9195
21.9651
22.0106
22.0561
22.1014
22.1466
22.1918
22.2369
22.2818
22.3267
22.3715
22.4162
22.4608
22.5053
22.5498
22.5941
22.6384
22.6825
22.7266
22.7266
22.7266
22.7266
22.7266
22.7266
22.7266
22.7266
22.7266
22.7266
22.7266
22.7266
22.7266
22.7266
22.7266
22.7266
22.7266
22.7266
22.7266
22.7266
22.7266
22.7266
22.7266
2
2.5
2.9
3.24483
3.55301
3.83446
4.09525
4.33944
4.56988
4.78871
4.99753
5.19763
5.39003
5.57555
5.75491
5.92867
6.09735
6.26135
6.42106
6.5768
6.72885
6.87746
7.02286
7.16526
7.30482
7.44171
7.57609
7.70809
7.83782
7.96541
8.09095
8.21454
8.33628
8.45624
8.57449
8.69112
8.80618
8.91974
9.03185
9.14257
9.25194
9.36003
9.46687
9.5725
9.67696
9.7803
9.7803
9.7803
9.7803
9.7803
9.7803
9.7803
9.7803
9.7803
9.7803
2
2.5
2.9
3.24483
3.55301
3.83446
4.09525
4.33944
4.56988
4.78871
4.99753
5.19763
5.39003
5.57555
5.75491
5.92867
6.09735
6.26135
6.42106
6.5768
6.72885
6.87746
7.02286
7.02286
7.02286
7.02286
7.02286
7.02286
7.02286
2
2.5
2.9
3.24483
3.55301
3.83446
4.09525
4.33944
4.56988
4.78871
4.99753
5.19763
5.39003
5.57555
5.75491
5.92867
6.09735
6.26135
6.42106
6.5768
6.72885
6.87746
7.02286
7.16526
7.30482
7.44171
7.57609
7.70809
7.83782
7.96541
8.09095
8.21454
8.33628
8.45624
8.57449
8.69112
8.80618
8.91974
9.03185
9.14257
9.25194
9.36003
9.46687
9.5725
9.67696
9.7803
9.88255
9.98374
10.0839
10.1831
10.2813
10.3785
10.4749
10.5704
10.665
10.7587
10.8517
10.9438
11.0352
11.1258
11.2157
11.3049
11.3933
11.4811
11.5682
11.6546
11.7404
11.8256
11.9102
11.9941
12.0775
12.1603
12.2425
12.3242
12.4054
12.486
12.5661
12.6456
12.7247
12.8033
12.8814
12.959
13.0362
13.1129
13.1892
13.265
13.3404
13.4153
13.4899
13.564
13.6377
13.7111
13.784
13.8566
13.9287
14.0005
14.0719
14.143
14.2137
14.2841
14.3541
14.4237
14.4931
14.5621
14.6307
14.6991
14.7671
14.8348
14.9022
14.9694
15.0362
15.1027
15.1689
15.2348
15.3004
15.3658
15.4309
15.4957
15.5602
15.6245
15.6885
15.7522
15.8157
15.8789
15.9419
16.0046
16.0671
16.1294
16.1914
16.2531
16.3146
16.3759
16.437
16.4978
16.5585
16.6189
16.679
16.679
16.679
16.679
16.679
16.679
16.679
16.679
16.679
16.679
16.679
16.679
16.679
16.679
16.679
16.679
16.679
2
2.5
2.9
3.24483
3.55301
3.83446
4.09525
4.33944
4.56988
4.78871
4.99753
5.19763
5.39003
5.57555
5.75491
5.92867
6.09735
6.26135
6.42106
6.5768
6.72885
6.87746
7.02286
7.16526
7.30482
7.44171
7.57609
7.70809
7.83782
7.96541
8.09095
8.21454
8.33628
8.45624
8.57449
8.69112
8.80618
8.91974
9.03185
9.14257
9.25194
9.36003
9.46687
9.5725
9.67696
9.7803
9.88255
9.98374
10.0839
10.1831
10.2813
10.3785
10.4749
10.5704
10.665
10.7587
10.8517
10.9438
11.0352
11.1258
11.2157
11.3049
11.3933
11.4811
11.5682
11.6546
11.7404
11.8256
11.9102
11.9941
12.0775
12.1603
12.2425
12.3242
12.4054
12.486
12.5661
12.6456
12.7247
12.8033
12.8814
12.959
13.0362
13.1129
13.1892
13.265
13.3404
13.4153
13.4899
13.564
13.6377
13.7111
13.784
13.8566
13.9287
14.0005
14.0719
14.143
14.2137
14.2841
14.3541
14.4237
14.4931
14.5621
14.6307
14.6991
14.7671
14.8348
14.9022
14.9694
15.0362
15.1027
15.1689
15.2348
15.3004
15.3658
15.4309
15.4957
15.5602
15.6245
15.6885
15.7522
15.8157
15.8789
15.9419
16.0046
16.0671
16.1294
16.1914
16.2531
16.3146
16.3759
16.437
16.4978
16.5585
16.6189
16.679
16.739
16.7987
16.8582
16.9176
16.9176
16.9176
16.9176
16.9176
16.9176
16.9176
16.9176
16.9176
16.9176
16.9176
16.9176
16.9176
16.9176
16.9176
16.9176
16.9176
2
2.5
2.9
3.24483
3.55301
3.83446
4.09525
4.33944
4.56988
4.78871
4.99753
5.19763
5.39003
5.57555
5.75491
5.92867
6.09735
6.26135
6.42106
6.5768
6.72885
6.87746
7.02286
7.16526
7.30482
7.44171
7.57609
7.70809
7.83782
7.96541
8.09095
8.21454
8.33628
8.45624
8.57449
8.69112
8.80618
8.91974
9.03185
9.14257
9.25194
9.36003
9.46687
9.5725
9.67696
9.7803
9.88255
9.98374
10.0839
10.1831
10.2813
10.3785
10.4749
10.5704
10.665
10.7587
10.8517
10.9438
11.0352
11.1258
11.2157
11.3049
11.3933
11.4811
11.5682
11.6546
11.7404
11.8256
11.9102
11.9941
12.0775
12.1603
12.2425
12.3242
12.4054
12.486
12.5661
12.6456
12.7247
12.8033
12.8814
12.959
13.0362
13.1129
13.1892
13.265
13.3404
13.4153
13.4899
13.564
13.6377
13.7111
13.784
13.8566
13.9287
14.0005
14.0719
14.143
14.2137
14.2841
14.3541
14.4237
14.4931
14.5621
14.6307
14.6991
14.7671
14.8348
14.9022
14.9694
15.0362
15.1027
15.1689
15.2348
15.3004
15.3658
15.4309
15.4957
15.5602
15.6245
15.6885
15.7522
15.8157
15.8789
15.9419
16.0046
16.0671
16.1294
16.1914
16.2531
16.3146
16.3759
16.437
16.4978
16.5585
16.6189
16.679
16.739
16.7987
16.8582
16.9176
16.9767
17.0356
17.0943
17.1528
17.2111
17.2692
17.3271
17.3848
17.4423
17.4997
17.5568
17.6138
17.6705
17.7271
17.7835
17.8398
17.8958
17.9517
18.0074
18.0629
18.1183
18.1735
18.2285
18.2834
18.3381
18.3926
18.447
18.5012
18.5552
18.6091
18.6629
18.7164
18.7699
18.8231
18.8763
18.9293
18.9821
19.0348
19.0873
19.1397
19.1919
19.244
19.296
19.3478
19.3995
19.4511
19.5025
19.5537
19.6049
19.6559
19.7068
19.7575
19.8081
19.8586
19.909
19.9592
20.0093
20.0593
20.1091
20.1589
20.2085
20.2579
20.3073
20.3566
20.4057
20.4547
20.5036
20.5523
20.601
20.6495
20.6495
20.6495
20.6495
20.6495
20.6495
20.6495
20.6495
20.6495
20.6495
1
1
1
1
1
1
1
1
1
1
1
2
2.5
2.9
3.24483
3.55301
3.83446
4.09525
4.09525
4.09525
4.09525
4.09525
2
2.5
2.9
3.24483
3.55301
3.83446
4.09525
4.09525
4.09525
4.09525
4.09525
2
2.5
2.9
3.24483
3.55301
3.83446
4.09525
4.33944
4.56988
4.78871
4.99753
5.19763
5.39003
5.57555
5.75491
5.92867
6.09735
6.26135
6.42106
6.5768
6.72885
6.87746
7.02286
7.16526
7.30482
7.44171
7.57609
7.70809
7.83782
7.96541
8.09095
8.21454
8.33628
8.45624
8.57449
8.69112
8.80618
8.91974
9.03185
9.14257
9.25194
9.36003
9.46687
9.5725
9.67696
9.7803
9.88255
9.98374
10.0839
10.1831
10.2813
10.3785
10.4749
10.5704
10.665
10.7587
10.8517
10.9438
11.0352
11.1258
11.2157
11.3049
11.3933
11.4811
11.5682
11.6546
11.7404
11.8256
11.9102
11.9941
12.0775
12.1603
12.2425
12.3242
12.4054
12.486
12.5661
12.6456
12.7247
12.8033
12.8814
12.959
13.0362
13.1129
13.1892
13.265
13.3404
13.4153
13.4899
13.564
13.6377
13.7111
13.784
13.8566
13.9287
14.0005
14.0719
14.143
14.2137
14.2841
14.3541
14.4237
14.4931
14.5621
14.6307
14.6991
14.7671
14.8348
14.9022
14.9694
15.0362
15.1027
15.1689
15.2348
15.3004
15.3658
15.4309
15.4957
15.5602
15.6245
15.6885
15.7522
15.8157
15.8789
15.9419
16.0046
16.0671
16.1294
16.1914
16.2531
16.3146
16.3759
16.437
16.4978
16.5585
16.6189
16.679
16.739
16.7987
16.8582
16.9176
16.9767
17.0356
17.0943
17.1528
17.2111
17.2111
17.2111
17.2111
17.2111
17.2111
17.2111
17.2111
17.2111
17.2111
17.2111
17.2111
17.2111
17.2111
17.2111
17.2111
17.2111
17.2111
2
2.5
2.9
3.24483
3.55301
3.83446
4.09525
4.33944
4.56988
4.78871
4.99753
5.19763
5.39003
5.57555
5.75491
5.92867
6.09735
6.26135
6.42106
6.5768
6.72885
6.87746
7.02286
7.16526
7.30482
7.44171
7.57609
7.70809
7.83782
7.96541
8.09095
8.21454
8.33628
8.45624
8.57449
8.69112
8.80618
8.91974
9.03185
9.14257
9.25194
9.36003
9.46687
9.5725
9.67696
9.7803
9.88255
9.98374
10.0839
10.1831
10.2813
10.3785
10.4749
10.5704
10.665
10.7587
10.8517
10.9438
11.0352
11.1258
11.2157
11.3049
11.3933
11.4811
11.5682
11.6546
11.7404
11.8256
11.9102
11.9941
12.0775
12.1603
12.2425
12.3242
12.4054
12.486
12.5661
12.6456
12.7247
12.8033
12.8814
12.959
13.0362
13.1129
13.1892
13.265
13.3404
13.4153
13.4899
13.564
13.6377
13.7111
13.784
13.8566
13.9287
14.0005
14.0719
14.143
14.2137
14.2841
14.3541
14.4237
14.4931
14.5621
14.6307
14.6991
14.7671
14.8348
14.9022
14.9694
15.0362
15.1027
15.1689
15.2348
15.3004
15.3658
15.4309
15.4957
15.5602
15.6245
15.6885
15.6885
15.6885
15.6885
15.6885
15.6885
15.6885
15.6885
15.6885
15.6885
15.6885
15.6885
15.6885
15.6885
15.6885
15.6885
2
2.5
2.9
3.24483
3.55301
3.83446
4.09525
4.33944
4.56988
4.78871
4.99753
5.19763
5.39003
5.57555
5.75491
5.92867
6.09735
6.26135
6.42106
6.5768
6.72885
6.87746
7.02286
7.16526
7.30482
7.44171
7.57609
7.70809
7.83782
7.96541
8.09095
8.21454
8.33628
8.45624
8.57449
8.69112
8.80618
8.91974
9.03185
9.14257
9.25194
9.36003
9.46687
9.5725
9.67696
9.7803
9.88255
9.98374
10.0839
10.1831
10.2813
10.3785
10.4749
10.5704
10.665
10.7587
10.8517
10.9438
11.0352
11.1258
11.2157
11.3049
11.3933
11.4811
11.5682
11.6546
11.7404
11.8256
11.9102
11.9941
12.0775
12.1603
12.2425
12.3242
12.4054
12.486
12.5661
12.6456
12.7247
12.8033
12.8814
12.959
13.0362
13.1129
13.1892
13.265
13.3404
13.4153
13.4899
13.564
13.6377
13.7111
13.784
13.8566
13.9287
14.0005
14.0719
14.143
14.143
14.143
14.143
14.143
14.143
14.143
14.143
14.143
14.143
14.143
14.143
14.143
14.143
14.143
2
2.5
2.9
3.24483
3.55301
3.83446
4.09525
4.33944
4.56988
4.78871
4.99753
5.19763
5.39003
5.57555
5.75491
5.92867
6.09735
6.26135
6.42106
6.5768
6.72885
6.87746
7.02286
7.16526
7.30482
7.44171
7.57609
7.70809
7.83782
7.96541
8.09095
8.21454
8.33628
8.45624
8.57449
8.69112
8.80618
8.91974
9.03185
9.14257
9.25194
9.36003
9.46687
9.5725
9.67696
9.7803
9.88255
9.98374
10.0839
10.1831
10.2813
10.3785
10.4749
10.5704
10.665
10.7587
10.8517
10.9438
11.0352
11.1258
11.2157
11.3049
11.3933
11.4811
11.5682
11.6546
11.7404
11.8256
11.9102
11.9941
12.0775
12.1603
12.2425
12.3242
12.4054
12.486
12.5661
12.6456
12.7247
12.8033
12.8814
12.959
13.0362
13.1129
13.1892
13.265
13.3404
13.4153
13.4899
13.564
13.6377
13.7111
13.784
13.8566
13.9287
14.0005
14.0719
14.143
14.2137
14.2841
14.3541
14.4237
14.4931
14.5621
14.6307
14.6991
14.7671
14.8348
14.9022
14.9694
15.0362
15.1027
15.1689
15.2348
15.3004
15.3658
15.3658
15.3658
15.3658
15.3658
15.3658
15.3658
15.3658
15.3658
15.3658
15.3658
15.3658
15.3658
15.3658
15.3658
15.3658
2
2.5
2.9
3.24483
3.55301
3.83446
4.09525
4.33944
4.56988
4.78871
4.99753
5.19763
5.39003
5.57555
5.75491
5.92867
6.09735
6.26135
6.42106
6.5768
6.72885
6.87746
7.02286
7.16526
7.30482
7.44171
7.57609
7.70809
7.83782
7.96541
8.09095
8.21454
8.33628
8.45624
8.57449
8.69112
8.80618
8.91974
9.03185
9.14257
9.25194
9.36003
9.46687
9.5725
9.67696
9.7803
9.88255
9.98374
10.0839
10.1831
10.2813
10.3785
10.4749
10.5704
10.665
10.7587
10.8517
10.9438
11.0352
11.1258
11.2157
11.3049
11.3933
11.4811
11.5682
11.6546
11.7404
11.8256
11.9102
11.9941
12.0775
12.1603
12.2425
12.3242
12.4054
12.486
12.5661
12.6456
12.7247
12.8033
12.8814
12.959
13.0362
13.1129
13.1892
13.265
13.3404
13.4153
13.4899
13.564
13.6377
13.7111
13.784
13.8566
13.9287
14.0005
14.0719
14.143
14.2137
14.2841
14.3541
14.4237
14.4931
14.5621
14.6307
14.6991
14.7671
14.8348
14.9022
14.9694
15.0362
15.1027
15.1689
15.2348
15.3004
15.3658
15.4309
15.4957
15.5602
15.6245
15.6885
15.7522
15.8157
15.8789
15.9419
16.0046
16.0671
16.1294
16.1914
16.2531
16.3146
16.3759
16.437
16.4978
16.5585
16.6189
16.679
16.739
16.7987
16.8582
16.9176
16.9767
17.0356
17.0943
17.1528
17.2111
17.2692
17.3271
17.3848
17.4423
17.4997
17.5568
17.6138
17.6705
17.7271
17.7835
17.8398
17.8958
17.9517
18.0074
18.0629
18.1183
18.1735
18.2285
18.2834
18.3381
18.3926
18.447
18.5012
18.5552
18.6091
18.6629
18.7164
18.7699
18.8231
18.8763
18.9293
18.9821
19.0348
19.0873
19.1397
19.1919
19.244
19.296
19.3478
19.3478
19.3478
19.3478
19.3478
19.3478
19.3478
19.3478
19.3478
19.3478
19.3478
19.3478
19.3478
19.3478
19.3478
19.3478
19.3478
19.3478
19.3478
19.3478
2
2.5
2.9
3.24483
3.55301
3.83446
4.09525
4.33944
4.56988
4.78871
4.99753
5.19763
5.39003
5.57555
5.75491
5.92867
6.09735
6.26135
6.42106
6.5768
6.72885
6.87746
7.02286
7.16526
7.30482
7.44171
7.57609
7.70809
7.83782
7.96541
8.09095
8.21454
8.33628
8.45624
8.57449
8.69112
8.80618
8.91974
8.91974
8.91974
8.91974
8.91974
8.91974
8.91974
8.91974
8.91974
2
2.5
2.9
3.24483
3.55301
3.83446
4.09525
4.33944
4.56988
4.78871
4.99753
5.19763
5.39003
5.57555
5.75491
5.92867
6.09735
6.26135
6.42106
6.5768
6.72885
6.87746
7.02286
7.16526
7.30482
7.44171
7.57609
7.70809
7.83782
7.96541
8.09095
8.21454
8.33628
8.45624
8.57449
8.69112
8.80618
8.91974
9.03185
9.14257
9.25194
9.36003
9.46687
9.5725
9.67696
9.7803
9.88255
9.98374
10.0839
10.1831
10.2813
10.3785
10.4749
10.5704
10.665
10.7587
10.8517
10.9438
11.0352
11.1258
11.2157
11.3049
11.3933
11.4811
11.5682
11.6546
11.7404
11.8256
11.9102
11.9941
11.9941
11.9941
11.9941
11.9941
11.9941
11.9941
11.9941
11.9941
11.9941
11.9941
11.9941
2
2.5
2.9
3.24483
3.55301
3.83446
4.09525
4.33944
4.56988
4.78871
4.99753
5.19763
5.39003
5.57555
5.75491
5.92867
6.09735
6.26135
6.42106
6.5768
6.72885
6.87746
7.02286
7.16526
7.30482
7.44171
7.57609
7.70809
7.83782
7.96541
8.09095
8.21454
8.33628
8.45624
8.57449
8.69112
8.80618
8.91974
9.03185
9.14257
9.14257
9.14257
9.14257
9.14257
9.14257
9.14257
9.14257
9.14257
9.14257
2
2.5
2.9
3.24483
3.55301
3.83446
4.09525
4.33944
4.56988
4.78871
4.99753
5.19763
5.39003
5.57555
5.75491
5.92867
6.09735
6.26135
6.42106
6.5768
6.72885
6.87746
7.02286
7.16526
7.30482
7.44171
7.57609
7.70809
7.83782
7.96541
8.09095
8.21454
8.33628
8.45624
8.57449
8.69112
8.80618
8.91974
9.03185
9.14257
9.25194
9.36003
9.46687
9.5725
9.67696
9.7803
9.88255
9.98374
10.0839
10.1831
10.2813
10.3785
10.4749
10.5704
10.665
10.7587
10.8517
10.8517
10.8517
10.8517
10.8517
10.8517
10.8517
10.8517
10.8517
10.8517
10.8517
2
2.5
2.9
3.24483
3.55301
3.83446
4.09525
4.33944
4.56988
4.78871
4.99753
5.19763
5.39003
5.57555
5.75491
5.92867
6.09735
6.26135
6.42106
6.5768
6.72885
6.87746
6.87746
6.87746
6.87746
6.87746
6.87746
2
2.5
2.9
3.24483
3.55301
3.83446
4.09525
4.33944
4.56988
4.78871
4.99753
5.19763
5.39003
5.57555
5.75491
5.92867
6.09735
6.26135
6.42106
6.5768
6.72885
6.87746
7.02286
7.16526
7.30482
7.44171
7.57609
7.70809
7.83782
7.96541
8.09095
8.21454
8.33628
8.45624
8.57449
8.69112
8.80618
8.91974
9.03185
9.14257
9.25194
9.36003
9.46687
9.5725
9.67696
9.7803
9.88255
9.98374
10.0839
10.1831
10.2813
10.3785
10.4749
10.5704
10.665
10.7587
10.8517
10.9438
11.0352
11.1258
11.2157
11.3049
11.3933
11.4811
11.5682
11.6546
11.7404
11.8256
11.9102
11.9941
12.0775
12.1603
12.2425
12.3242
12.4054
12.486
12.5661
12.6456
12.7247
12.8033
12.8814
12.959
13.0362
13.1129
13.1892
13.265
13.3404
13.4153
13.4899
13.564
13.6377
13.7111
13.784
13.8566
13.9287
14.0005
14.0719
14.143
14.2137
14.2841
14.3541
14.4237
14.4931
14.5621
14.6307
14.6991
14.7671
14.7671
14.7671
14.7671
14.7671
14.7671
14.7671
14.7671
14.7671
14.7671
14.7671
14.7671
14.7671
14.7671
14.7671
2
2.5
2.9
3.24483
3.55301
3.83446
4.09525
4.33944
4.56988
4.78871
4.99753
5.19763
5.39003
5.57555
5.75491
5.92867
6.09735
6.26135
6.42106
6.5768
6.72885
6.87746
7.02286
7.16526
7.30482
7.44171
7.57609
7.70809
7.83782
7.96541
8.09095
8.21454
8.33628
8.45624
8.57449
8.69112
8.80618
8.91974
9.03185
9.14257
9.25194
9.36003
9.46687
9.5725
9.67696
9.7803
9.88255
9.98374
10.0839
10.1831
10.2813
10.3785
10.4749
10.5704
10.665
10.7587
10.8517
10.9438
11.0352
11.1258
11.2157
11.3049
11.3933
11.4811
11.5682
11.6546
11.7404
11.8256
11.9102
11.9941
12.0775
12.1603
12.2425
12.3242
12.4054
12.486
12.5661
12.6456
12.7247
12.8033
12.8814
12.959
13.0362
13.1129
13.1892
13.265
13.3404
13.4153
13.4899
13.564
13.6377
13.7111
13.784
13.8566
13.9287
14.0005
14.0719
14.143
14.2137
14.2841
14.3541
14.4237
14.4931
14.5621
14.6307
14.6991
14.7671
14.8348
14.9022
14.9022
14.9022
14.9022
14.9022
14.9022
14.9022
14.9022
14.9022
14.9022
14.9022
14.9022
14.9022
14.9022
14.9022
2
2.5
2.9
3.24483
3.55301
3.83446
4.09525
4.33944
4.56988
4.78871
4.99753
5.19763
5.39003
5.57555
5.75491
5.92867
6.09735
6.26135
6.42106
6.5768
6.72885
6.87746
7.02286
7.16526
7.30482
7.44171
7.57609
7.57609
7.57609
7.57609
7.57609
7.57609
7.57609
2
2.5
2.9
3.24483
3.55301
3.83446
4.09525
4.33944
4.56988
4.78871
4.99753
5.19763
5.39003
5.57555
5.75491
5.92867
6.09735
6.26135
6.42106
6.5768
6.72885
6.87746
7.02286
7.16526
7.30482
7.44171
7.57609
7.70809
7.83782
7.96541
8.09095
8.21454
8.33628
8.45624
8.57449
8.69112
8.80618
8.91974
9.03185
9.14257
9.25194
9.36003
9.46687
9.5725
9.67696
9.7803
9.88255
9.98374
10.0839
10.1831
10.2813
10.3785
10.4749
10.5704
10.665
10.7587
10.8517
10.9438
11.0352
11.1258
11.2157
11.3049
11.3933
11.4811
11.5682
11.6546
11.7404
11.8256
11.9102
11.9941
12.0775
12.1603
12.2425
12.3242
12.4054
12.486
12.5661
12.6456
12.7247
12.8033
12.8814
12.959
13.0362
13.1129
13.1892
13.265
13.3404
13.4153
13.4899
13.564
13.6377
13.7111
13.784
13.8566
13.9287
14.0005
14.0719
14.143
14.2137
14.2841
14.3541
14.4237
14.4931
14.5621
14.6307
14.6991
14.7671
14.8348
14.9022
14.9694
15.0362
15.1027
15.1689
15.2348
15.3004
15.3658
15.4309
15.4309
15.4309
15.4309
15.4309
15.4309
15.4309
15.4309
15.4309
15.4309
15.4309
15.4309
15.4309
15.4309
15.4309
15.4309
2
2.5
2.9
3.24483
3.55301
3.83446
4.09525
4.33944
4.56988
4.78871
4.99753
5.19763
5.39003
5.57555
5.75491
5.92867
6.09735
6.26135
6.42106
6.5768
6.72885
6.87746
7.02286
7.16526
7.30482
7.44171
7.57609
7.70809
7.83782
7.96541
8.09095
8.21454
8.33628
8.45624
8.57449
8.69112
8.80618
8.91974
9.03185
9.14257
9.25194
9.36003
9.46687
9.5725
9.67696
9.7803
9.88255
9.98374
10.0839
10.1831
10.2813
10.3785
10.4749
10.5704
10.665
10.7587
10.8517
10.9438
11.0352
11.1258
11.2157
11.3049
11.3933
11.4811
11.5682
11.6546
11.7404
11.8256
11.9102
11.9941
12.0775
12.1603
12.2425
12.3242
12.4054
12.486
12.5661
12.6456
12.7247
12.8033
12.8814
12.959
13.0362
13.1129
13.1892
13.265
13.3404
13.4153
13.4899
13.564
13.6377
13.7111
13.784
13.8566
13.9287
14.0005
14.0719
14.143
14.2137
14.2841
14.3541
14.4237
14.4931
14.5621
14.6307
14.6991
14.7671
14.8348
14.9022
14.9694
15.0362
15.1027
15.1689
15.2348
15.3004
15.3658
15.4309
15.4957
15.5602
15.6245
15.6885
15.7522
15.8157
15.8789
15.9419
16.0046
16.0671
16.1294
16.1914
16.2531
16.3146
16.3759
16.437
16.4978
16.5585
16.6189
16.679
16.739
16.739
16.739
16.739
16.739
16.739
16.739
16.739
16.739
16.739
16.739
16.739
16.739
16.739
16.739
16.739
16.739
2
2.5
2.9
3.24483
3.55301
3.83446
4.09525
4.33944
4.56988
4.78871
4.99753
4.99753
4.99753
4.99753
4.99753
2
2.5
2.9
3.24483
3.55301
3.83446
4.09525
4.33944
4.56988
4.78871
4.99753
5.19763
5.39003
5.57555
5.75491
5.92867
6.09735
6.26135
6.42106
6.5768
6.72885
6.87746
7.02286
7.16526
7.30482
7.44171
7.57609
7.70809
7.83782
7.96541
8.09095
8.21454
8.33628
8.45624
8.57449
8.69112
8.80618
8.91974
9.03185
9.14257
9.25194
9.36003
9.46687
9.5725
9.67696
9.7803
9.88255
9.98374
10.0839
10.1831
10.2813
10.3785
10.4749
10.5704
10.665
10.7587
10.8517
10.9438
11.0352
11.1258
11.2157
11.3049
11.3933
11.4811
11.5682
11.6546
11.7404
11.8256
11.9102
11.9941
12.0775
12.1603
12.2425
12.3242
12.4054
12.486
12.5661
12.6456
12.7247
12.8033
12.8814
12.959
13.0362
13.1129
13.1892
13.265
13.3404
13.4153
13.4899
13.564
13.6377
13.7111
13.784
13.8566
13.9287
14.0005
14.0719
14.143
14.2137
14.2841
14.3541
14.4237
14.4931
14.5621
14.6307
14.6991
14.7671
14.8348
14.9022
14.9694
15.0362
15.1027
15.1689
15.2348
15.3004
15.3658
15.4309
15.4957
15.5602
15.6245
15.6885
15.7522
15.8157
15.8789
15.9419
16.0046
16.0671
16.1294
16.1914
16.2531
16.3146
16.3759
16.437
16.4978
16.5585
16.6189
16.679
16.739
16.739
16.739
16.739
16.739
16.739
16.739
16.739
16.739
16.739
16.739
16.739
16.739
16.739
16.739
16.739
16.739
2
2.5
2.9
3.24483
3.55301
3.83446
4.09525
4.33944
4.56988
4.78871
4.99753
5.19763
5.39003
5.57555
5.75491
5.92867
6.09735
6.26135
6.42106
6.5768
6.72885
6.87746
7.02286
7.16526
7.16526
7.16526
7.16526
7.16526
7.16526
7.16526
7.16526
2
2.5
2.9
3.24483
3.55301
3.83446
3.83446
3.83446
3.83446
2
2.5
2.9
3.24483
3.55301
3.83446
4.09525
4.33944
4.56988
4.78871
4.99753
5.19763
5.39003
5.57555
5.75491
5.92867
6.09735
6.26135
6.42106
6.5768
6.72885
6.87746
7.02286
7.16526
7.30482
7.44171
7.44171
7.44171
7.44171
7.44171
7.44171
7.44171
7.44171
2
2.5
2.9
3.24483
3.55301
3.83446
4.09525
4.33944
4.56988
4.78871
4.99753
5.19763
5.39003
5.57555
5.75491
5.92867
6.09735
6.26135
6.42106
6.5768
6.72885
6.87746
7.02286
7.16526
7.30482
7.44171
7.57609
7.70809
7.83782
7.96541
8.09095
8.21454
8.33628
8.45624
8.57449
8.69112
8.80618
8.91974
9.03185
9.14257
9.25194
9.36003
9.46687
9.5725
9.67696
9.7803
9.88255
9.98374
10.0839
10.1831
10.2813
10.3785
10.4749
10.4749
10.4749
10.4749
10.4749
10.4749
10.4749
10.4749
10.4749
10.4749
2
2.5
2.9
3.24483
3.55301
3.55301
3.55301
3.55301
2
2.5
2.9
3.24483
3.55301
3.83446
4.09525
4.33944
4.56988
4.78871
4.99753
4.99753
4.99753
4.99753
4.99753
2
2.5
2.9
3.24483
3.55301
3.83446
4.09525
4.33944
4.56988
4.78871
4.99753
5.19763
5.39003
5.57555
5.75491
5.92867
6.09735
6.26135
6.42106
6.5768
6.72885
6.87746
7.02286
7.16526
7.30482
7.44171
7.57609
7.70809
7.83782
7.96541
8.09095
8.21454
8.33628
8.45624
8.57449
8.69112
8.80618
8.91974
9.03185
9.14257
9.25194
9.36003
9.46687
9.5725
9.67696
9.7803
9.88255
9.98374
10.0839
10.1831
10.2813
10.3785
10.4749
10.5704
10.665
10.7587
10.8517
10.9438
11.0352
11.1258
11.2157
11.3049
11.3933
11.4811
11.5682
11.6546
11.7404
11.8256
11.9102
11.9941
12.0775
12.1603
12.2425
12.3242
12.4054
12.486
12.5661
12.6456
12.7247
12.8033
12.8814
12.959
13.0362
13.1129
13.1892
13.265
13.265
13.265
13.265
13.265
13.265
13.265
13.265
13.265
13.265
13.265
13.265
13.265
13.265
2
2.5
2.9
3.24483
3.55301
3.83446
4.09525
4.33944
4.56988
4.78871
4.99753
5.19763
5.39003
5.57555
5.75491
5.92867
6.09735
6.26135
6.42106
6.5768
6.72885
6.87746
7.02286
7.16526
7.30482
7.44171
7.57609
7.70809
7.83782
7.96541
8.09095
8.21454
8.33628
8.45624
8.57449
8.69112
8.80618
8.91974
9.03185
9.14257
9.25194
9.36003
9.46687
9.5725
9.67696
9.7803
9.88255
9.98374
10.0839
10.1831
10.2813
10.3785
10.4749
10.5704
10.665
10.7587
10.8517
10.9438
11.0352
11.1258
11.2157
11.3049
11.3933
11.4811
11.5682
11.6546
11.7404
11.8256
11.9102
11.9941
12.0775
12.1603
12.2425
12.3242
12.4054
12.486
12.5661
12.6456
12.7247
12.8033
12.8814
12.959
13.0362
13.1129
13.1892
13.265
13.3404
13.4153
13.4899
13.564
13.6377
13.7111
13.784
13.8566
13.9287
14.0005
14.0719
14.143
14.2137
14.2841
14.3541
14.4237
14.4931
14.5621
14.6307
14.6991
14.7671
14.8348
14.9022
14.9694
15.0362
15.1027
15.1689
15.2348
15.3004
15.3658
15.4309
15.4957
15.5602
15.6245
15.6885
15.7522
15.8157
15.8789
15.9419
16.0046
16.0671
16.1294
16.1914
16.2531
16.3146
16.3759
16.437
16.4978
16.5585
16.6189
16.679
16.739
16.7987
16.8582
16.9176
16.9767
17.0356
17.0943
17.1528
17.2111
17.2692
17.3271
17.3848
17.4423
17.4997
17.5568
17.6138
17.6705
17.7271
17.7835
17.8398
17.8958
17.9517
18.0074
18.0629
18.1183
18.1735
18.2285
18.2834
18.3381
18.3926
18.447
18.5012
18.5552
18.6091
18.6629
18.7164
18.7699
18.8231
18.8763
18.9293
18.9821
19.0348
19.0873
19.1397
19.1919
19.244
19.296
19.3478
19.3995
19.4511
19.5025
19.5537
19.6049
19.6559
19.7068
19.7575
19.8081
19.8586
19.909
19.9592
20.0093
20.0593
20.1091
20.1589
20.2085
20.2579
20.3073
20.3566
20.4057
20.4547
20.5036
20.5523
20.601
20.6495
20.698
20.7463
20.7945
20.8426
20.8906
20.9384
20.9862
21.0338
21.0814
21.1288
21.1761
21.2234
21.2705
21.3175
21.3644
21.4112
21.4579
21.5045
21.551
21.5974
21.6437
21.6899
21.736
21.782
21.8279
21.8738
21.9195
21.9651
22.0106
22.0561
22.1014
22.1466
22.1918
22.2369
22.2818
22.3267
22.3715
22.4162
22.4608
22.4608
22.4608
22.4608
22.4608
22.4608
22.4608
22.4608
22.4608
22.4608
22.4608
22.4608
22.4608
22.4608
22.4608
22.4608
22.4608
22.4608
22.4608
22.4608
22.4608
22.4608
22.4608
2
2.5
2.9
3.24483
3.55301
3.83446
4.09525
4.33944
4.56988
4.78871
4.99753
5.19763
5.39003
5.57555
5.75491
5.92867
6.09735
6.26135
6.42106
6.5768
6.72885
6.87746
7.02286
7.16526
7.30482
7.44171
7.57609
7.70809
7.83782
7.96541
8.09095
8.21454
8.33628
8.45624
8.57449
8.69112
8.80618
8.91974
9.03185
9.14257
9.25194
9.36003
9.46687
9.5725
9.67696
9.7803
9.88255
9.98374
10.0839
10.1831
10.2813
10.3785
10.4749
10.5704
10.665
10.7587
10.8517
10.9438
11.0352
11.1258
11.2157
11.3049
11.3933
11.4811
11.5682
11.6546
11.7404
11.8256
11.9102
11.9941
12.0775
12.1603
12.2425
12.3242
12.4054
12.486
12.5661
12.6456
12.7247
12.8033
12.8814
12.959
13.0362
13.1129
13.1892
13.265
13.3404
13.4153
13.4899
13.564
13.6377
13.7111
13.784
13.8566
13.9287
14.0005
14.0719
14.143
14.2137
14.2841
14.3541
14.4237
14.4931
14.5621
14.6307
14.6991
14.7671
14.8348
14.9022
14.9694
15.0362
15.1027
15.1689
15.2348
15.3004
15.3658
15.4309
15.4957
15.5602
15.6245
15.6885
15.7522
15.8157
15.8789
15.9419
16.0046
16.0671
16.1294
16.1914
16.2531
16.3146
16.3759
16.437
16.4978
16.5585
16.6189
16.679
16.739
16.7987
16.8582
16.9176
16.9767
17.0356
17.0943
17.1528
17.2111
17.2692
17.3271
17.3848
17.4423
17.4997
17.5568
17.6138
17.6705
17.7271
17.7835
17.8398
17.8958
17.9517
18.0074
18.0629
18.1183
18.1735
18.2285
18.2834
18.3381
18.3926
18.447
18.5012
18.5552
18.6091
18.6629
18.7164
18.7699
18.8231
18.8763
18.9293
18.9821
19.0348
19.0873
19.1397
19.1919
19.244
19.296
19.3478
19.3995
19.4511
19.5025
19.5537
19.6049
19.6559
19.7068
19.7575
19.8081
19.8586
19.909
19.9592
20.0093
20.0593
20.1091
20.1589
20.2085
20.2579
20.3073
20.3566
20.4057
20.4547
20.5036
20.5523
20.601
20.6495
20.698
20.7463
20.7945
20.8426
20.8906
20.9384
20.9862
21.0338
21.0814
21.1288
21.1761
21.2234
21.2705
21.3175
21.3644
21.4112
21.4579
21.5045
21.551
21.5974
21.6437
21.6899
21.736
21.782
21.8279
21.8738
21.9195
21.9651
22.0106
22.0561
22.1014
22.1466
22.1918
22.2369
22.2818
22.3267
22.3715
22.4162
22.4608
22.5053
22.5498
22.5941
22.6384
22.6825
22.7266
22.7706
22.8145
22.8584
22.9021
22.9458
22.9894
23.0329
23.0763
23.0763
23.0763
23.0763
23.0763
23.0763
23.0763
23.0763
23.0763
23.0763
23.0763
23.0763
23.0763
23.0763
23.0763
23.0763
23.0763
23.0763
23.0763
23.0763
23.0763
23.0763
23.0763
2
2.5
2.9
3.24483
3.55301
3.83446
4.09525
4.33944
4.56988
4.78871
4.78871
4.78871
4.78871
4.78871
2
2.5
2.9
3.24483
3.55301
3.83446
4.09525
4.33944
4.56988
4.78871
4.99753
5.19763
5.39003
5.57555
5.75491
5.92867
6.09735
6.26135
6.42106
6.5768
6.72885
6.87746
7.02286
7.16526
7.30482
7.44171
7.57609
7.70809
7.83782
7.96541
8.09095
8.21454
8.33628
8.45624
8.57449
8.69112
8.80618
8.91974
9.03185
9.14257
9.25194
9.36003
9.46687
9.5725
9.67696
9.7803
9.88255
9.98374
10.0839
10.1831
10.2813
10.3785
10.4749
10.5704
10.665
10.7587
10.8517
10.9438
11.0352
11.1258
11.2157
11.3049
11.3933
11.4811
11.5682
11.6546
11.7404
11.8256
11.9102
11.9941
12.0775
12.1603
12.2425
12.3242
12.4054
12.486
12.486
12.486
12.486
12.486
12.486
12.486
12.486
12.486
12.486
12.486
12.486
2
2.5
2.9
3.24483
3.55301
3.83446
4.09525
4.33944
4.56988
4.78871
4.99753
5.19763
5.39003
5.57555
5.75491
5.92867
6.09735
6.26135
6.42106
6.5768
6.72885
6.87746
7.02286
7.16526
7.30482
7.44171
7.57609
7.70809
7.83782
7.96541
8.09095
8.21454
8.33628
8.45624
8.57449
8.69112
8.80618
8.91974
9.03185
9.14257
9.25194
9.36003
9.46687
9.5725
9.67696
9.7803
9.88255
9.98374
10.0839
10.1831
10.2813
10.3785
10.4749
10.5704
10.665
10.7587
10.8517
10.9438
11.0352
11.1258
11.2157
11.3049
11.3933
11.4811
11.5682
11.6546
11.7404
11.8256
11.9102
11.9941
12.0775
12.1603
12.2425
12.3242
12.4054
12.486
12.5661
12.6456
12.7247
12.8033
12.8814
12.959
13.0362
13.1129
13.1892
13.265
13.3404
13.4153
13.4899
13.564
13.6377
13.7111
13.784
13.8566
13.9287
14.0005
14.0719
14.143
14.2137
14.2841
14.3541
14.4237
14.4931
14.5621
14.6307
14.6991
14.7671
14.8348
14.9022
14.9694
15.0362
15.1027
15.1689
15.2348
15.3004
15.3658
15.4309
15.4957
15.5602
15.6245
15.6885
15.7522
15.8157
15.8789
15.9419
16.0046
16.0671
16.1294
16.1914
16.2531
16.3146
16.3759
16.437
16.4978
16.5585
16.6189
16.679
16.739
16.7987
16.8582
16.9176
16.9767
17.0356
17.0943
17.1528
17.2111
17.2692
17.3271
17.3848
17.4423
17.4997
17.5568
17.6138
17.6705
17.7271
17.7835
17.8398
17.8958
17.9517
18.0074
18.0629
18.1183
18.1735
18.2285
18.2834
18.3381
18.3926
18.447
18.5012
18.5552
18.6091
18.6629
18.7164
18.7699
18.8231
18.8763
18.9293
18.9821
19.0348
19.0873
19.1397
19.1919
19.244
19.296
19.3478
19.3995
19.4511
19.5025
19.5537
19.6049
19.6559
19.7068
19.7575
19.8081
19.8586
19.909
19.9592
20.0093
20.0593
20.1091
20.1589
20.2085
20.2579
20.3073
20.3566
20.4057
20.4547
20.5036
20.5523
20.601
20.6495
20.698
20.7463
20.7945
20.8426
20.8906
20.9384
20.9862
2
2.5
2.9
3.24483
3.55301
3.83446
4.09525
4.33944
4.56988
4.78871
4.99753
5.19763
5.19763
5.19763
5.19763
5.19763
5.19763
5.19763
5.19763
5.19763
5.39003
5.57555
5.75491
5.92867
6.09735
6.26135
6.42106
6.5768
6.72885
6.87746
7.02286
7.16526
7.30482
7.44171
7.57609
7.70809
7.83782
7.96541
8.09095
8.21454
8.33628
8.45624
8.57449
8.69112
8.80618
8.91974
9.03185
9.14257
9.25194
9.36003
9.46687
9.5725
9.67696
9.7803
9.88255
9.98374
10.0839
10.1831
10.2813
10.3785
10.4749
10.5704
10.665
10.7587
10.8517
10.9438
11.0352
11.1258
11.2157
11.3049
11.3933
11.4811
11.5682
11.6546
11.7404
11.8256
11.9102
11.9941
12.0775
12.1603
12.2425
12.3242
12.4054
12.486
12.5661
12.6456
12.7247
12.8033
12.8814
12.959
13.0362
13.1129
13.1892
13.265
13.3404
13.4153
13.4899
13.564
13.6377
13.7111
13.784
13.8566
13.9287
14.0005
14.0719
14.143
14.2137
14.2841
14.3541
14.4237
14.4931
14.5621
14.6307
14.6991
14.7671
14.8348
14.9022
14.9694
15.0362
15.1027
15.1689
15.2348
15.3004
15.3658
15.4309
15.4957
15.5602
15.6245
15.6885
15.7522
15.8157
15.8789
15.9419
15.9419
15.9419
15.9419
15.9419
15.9419
15.9419
15.9419
15.9419
15.9419
15.9419
15.9419
15.9419
15.9419
15.9419
15.9419
2
2.5
2.9
3.24483
3.55301
3.83446
4.09525
4.33944
4.56988
4.78871
4.99753
5.19763
5.39003
5.57555
5.75491
5.92867
6.09735
6.26135
6.42106
6.5768
6.72885
6.87746
7.02286
7.16526
7.30482
7.44171
7.57609
7.70809
7.83782
7.96541
8.09095
8.21454
8.33628
8.45624
8.57449
8.69112
8.80618
8.91974
9.03185
9.14257
9.25194
9.36003
9.46687
9.5725
9.67696
9.7803
9.88255
9.98374
10.0839
10.1831
10.2813
10.3785
10.4749
10.5704
10.665
10.7587
10.8517
10.9438
11.0352
11.1258
11.2157
11.3049
11.3933
11.4811
11.5682
11.6546
11.7404
11.8256
11.9102
11.9941
12.0775
12.1603
12.2425
12.3242
12.4054
12.486
12.5661
12.6456
12.7247
12.8033
12.8814
12.959
13.0362
13.1129
13.1892
13.265
13.3404
13.4153
13.4899
13.564
13.6377
13.7111
13.784
13.8566
13.9287
14.0005
14.0719
14.143
14.2137
14.2841
14.3541
14.4237
14.4931
14.5621
14.6307
14.6991
14.7671
14.8348
14.9022
14.9694
15.0362
15.1027
15.1689
15.2348
15.3004
15.3658
15.4309
15.4957
15.5602
15.6245
15.6885
15.7522
15.8157
15.8789
15.9419
16.0046
16.0671
16.1294
16.1914
16.2531
16.3146
16.3759
16.437
16.4978
16.5585
16.6189
16.679
16.739
16.7987
16.8582
16.9176
16.9767
17.0356
17.0943
17.1528
17.2111
17.2692
17.3271
17.3848
17.4423
17.4997
17.5568
17.6138
17.6705
17.7271
17.7835
17.8398
17.8958
17.9517
18.0074
18.0629
18.1183
18.1735
18.2285
18.2834
18.3381
18.3926
18.447
18.5012
18.5552
18.6091
18.6629
18.7164
18.7699
18.8231
18.8763
18.9293
18.9821
19.0348
19.0873
19.1397
19.1919
19.244
19.296
19.3478
19.3995
19.4511
19.5025
19.5537
19.6049
19.6559
19.7068
19.7575
19.8081
19.8586
19.909
19.9592
20.0093
20.0593
20.1091
20.1589
20.2085
20.2579
20.3073
20.3566
20.4057
20.4547
20.5036
20.5523
20.601
20.6495
20.698
20.7463
20.7463
20.7463
20.7463
20.7463
1
1
1
1
1
1
1
1
1
1
1
1
1
1
1
2
2.5
2.9
3.24483
3.55301
3.83446
4.09525
4.33944
4.56988
4.78871
4.99753
5.19763
5.39003
5.57555
5.75491
5.92867
6.09735
6.26135
6.42106
6.5768
6.72885
6.87746
7.02286
7.16526
7.30482
7.44171
7.57609
7.70809
7.83782
7.96541
8.09095
8.21454
8.33628
8.45624
8.57449
8.69112
8.80618
8.91974
9.03185
9.14257
9.25194
9.36003
9.46687
9.5725
9.67696
9.7803
9.88255
9.98374
10.0839
10.1831
10.2813
10.3785
10.4749
10.5704
10.665
10.7587
10.8517
10.9438
11.0352
11.1258
11.2157
11.3049
11.3933
11.4811
11.5682
11.6546
11.7404
11.8256
11.9102
11.9941
12.0775
12.1603
12.2425
12.3242
12.4054
12.486
12.5661
12.6456
12.7247
12.8033
12.8814
12.959
13.0362
13.1129
13.1892
13.265
13.3404
13.4153
13.4899
13.564
13.6377
13.7111
13.784
13.8566
13.9287
14.0005
14.0719
14.143
14.2137
14.2841
14.3541
14.4237
14.4931
14.5621
14.6307
14.6991
14.7671
14.8348
14.9022
14.9694
15.0362
15.1027
15.1689
15.2348
15.3004
15.3658
15.4309
15.4957
15.5602
15.6245
15.6885
15.7522
15.8157
15.8789
15.9419
16.0046
16.0671
16.1294
16.1914
16.2531
16.3146
16.3759
16.437
16.4978
16.5585
16.6189
16.679
16.739
16.7987
16.8582
16.9176
16.9767
17.0356
17.0943
17.1528
17.2111
17.2692
17.3271
17.3848
17.4423
17.4997
17.5568
17.6138
17.6705
17.7271
17.7835
17.8398
17.8958
17.9517
18.0074
18.0629
18.1183
18.1735
18.2285
18.2834
18.3381
18.3926
18.447
18.5012
18.5552
18.6091
18.6629
18.7164
18.7699
18.8231
18.8763
18.9293
18.9821
19.0348
19.0873
19.1397
19.1919
19.244
19.296
19.3478
19.3995
19.4511
19.5025
19.5537
19.6049
19.6559
19.7068
19.7575
19.8081
19.8586
19.909
19.9592
20.0093
20.0593
20.1091
20.1589
20.2085
20.2579
20.3073
20.3566
20.4057
20.4547
20.5036
20.5523
20.601
20.6495
2
2.5
2.9
3.24483
3.24483
3.24483
3.24483
3.24483
3.24483
3.24483
3.24483
3.24483
3.24483
3.24483
3.24483
3.24483
3.24483
3.24483
3.24483
3.55301
3.83446
4.09525
4.33944
4.56988
4.78871
4.99753
5.19763
5.39003
5.57555
5.75491
5.92867
6.09735
6.26135
6.42106
6.5768
6.72885
6.87746
7.02286
7.16526
7.30482
7.44171
7.57609
7.70809
7.83782
7.96541
8.09095
8.21454
8.33628
8.45624
8.57449
8.69112
8.80618
8.91974
9.03185
9.14257
9.25194
9.36003
9.46687
9.5725
9.67696
9.7803
9.88255
9.98374
10.0839
10.1831
10.2813
10.3785
10.4749
10.5704
10.665
10.7587
10.8517
10.9438
11.0352
11.1258
11.2157
11.3049
11.3933
11.4811
11.5682
11.6546
11.7404
11.8256
11.9102
11.9941
12.0775
12.1603
12.2425
12.3242
12.4054
12.486
12.5661
12.6456
12.7247
12.8033
12.8814
12.959
13.0362
13.1129
13.1892
13.265
13.3404
13.4153
13.4899
13.564
13.6377
13.7111
13.784
13.8566
13.9287
14.0005
14.0719
14.143
14.2137
14.2841
14.3541
14.4237
14.4931
14.5621
14.6307
14.6991
14.7671
14.8348
14.9022
14.9694
15.0362
15.1027
15.1689
15.2348
15.3004
15.3658
15.4309
15.4957
15.5602
15.6245
15.6885
15.7522
15.8157
15.8789
15.9419
16.0046
16.0671
16.1294
16.1914
16.2531
16.3146
16.3759
16.437
16.4978
16.5585
16.6189
16.679
16.739
16.7987
16.8582
16.9176
16.9767
17.0356
17.0943
17.1528
17.2111
17.2692
17.3271
17.3848
17.4423
17.4997
17.5568
17.6138
17.6705
17.7271
17.7835
17.8398
17.8958
17.9517
18.0074
18.0629
18.1183
18.1735
18.2285
18.2834
18.3381
18.3926
18.447
18.5012
18.5552
18.6091
18.6629
18.7164
18.7699
18.8231
18.8763
18.9293
18.9821
19.0348
19.0873
19.1397
19.1919
19.244
19.296
19.3478
19.3995
19.4511
19.5025
19.5537
19.6049
19.6559
19.7068
19.7575
19.8081
19.8586
19.909
19.9592
20.0093
20.0593
20.1091
20.1589
20.2085
20.2579
20.3073
20.3566
20.4057
20.4547
20.5036
20.5523
20.601
20.6495
20.698
20.7463
20.7945
20.8426
20.8906
20.9384
20.9862
21.0338
21.0814
21.1288
21.1761
21.2234
21.2705
21.3175
21.3644
21.4112
21.4579
21.5045
21.551
21.5974
21.6437
21.6899
21.736
21.782
21.8279
21.8738
21.9195
21.9651
21.9651
21.9651
21.9651
21.9651
21.9651
21.9651
21.9651
21.9651
21.9651
21.9651
21.9651
21.9651
21.9651
21.9651
21.9651
21.9651
21.9651
21.9651
21.9651
21.9651
21.9651
2
2.5
2.9
3.24483
3.55301
3.83446
4.09525
4.33944
4.56988
4.78871
4.99753
5.19763
5.39003
5.57555
5.75491
5.92867
6.09735
6.26135
6.42106
6.5768
6.72885
6.87746
7.02286
7.16526
7.30482
7.44171
7.57609
7.70809
7.83782
7.96541
8.09095
8.21454
8.33628
8.45624
8.57449
8.69112
8.80618
8.91974
9.03185
9.14257
9.25194
9.36003
9.46687
9.5725
9.67696
9.7803
9.88255
9.98374
10.0839
10.1831
10.2813
10.3785
10.4749
10.5704
10.665
10.7587
10.8517
10.9438
11.0352
11.1258
11.2157
11.3049
11.3933
11.4811
11.5682
11.6546
11.7404
11.8256
11.9102
11.9941
12.0775
12.1603
12.2425
12.3242
12.4054
12.486
12.5661
12.6456
12.7247
12.8033
12.8814
12.959
13.0362
13.1129
13.1892
13.265
13.3404
13.4153
13.4899
13.564
13.6377
13.7111
13.784
13.8566
13.9287
14.0005
14.0719
14.143
14.2137
14.2841
14.3541
14.4237
14.4931
14.5621
14.6307
14.6991
14.6991
14.6991
14.6991
14.6991
14.6991
14.6991
14.6991
14.6991
14.6991
14.6991
14.6991
14.6991
14.6991
14.6991
2
2.5
2.9
3.24483
3.55301
3.83446
4.09525
4.33944
4.56988
4.78871
4.99753
5.19763
5.39003
5.57555
5.75491
5.92867
6.09735
6.26135
6.42106
6.5768
6.72885
6.87746
7.02286
7.16526
7.30482
7.44171
7.57609
7.70809
7.83782
7.96541
8.09095
8.21454
8.33628
8.45624
8.57449
8.69112
8.80618
8.91974
9.03185
9.14257
9.25194
9.36003
9.46687
9.5725
9.67696
9.7803
9.88255
9.98374
10.0839
10.1831
10.2813
10.3785
10.4749
10.5704
10.665
10.7587
10.8517
10.9438
11.0352
11.0352
11.0352
11.0352
11.0352
11.0352
11.0352
11.0352
11.0352
11.0352
11.0352
11.0352
2
2.5
2.9
3.24483
3.55301
3.83446
4.09525
4.33944
4.56988
4.78871
4.99753
5.19763
5.39003
5.57555
5.75491
5.92867
6.09735
6.26135
6.42106
6.5768
6.72885
6.87746
7.02286
7.16526
7.30482
7.44171
7.57609
7.70809
7.83782
7.96541
8.09095
8.21454
8.33628
8.45624
8.57449
8.69112
8.80618
8.91974
9.03185
9.14257
9.25194
9.36003
9.46687
9.5725
9.67696
9.7803
9.88255
9.98374
10.0839
10.1831
10.2813
10.3785
10.4749
10.5704
10.665
10.7587
10.8517
10.9438
11.0352
11.1258
11.2157
11.3049
11.3933
11.4811
11.5682
11.6546
11.7404
11.8256
11.9102
11.9941
12.0775
12.1603
12.2425
12.3242
12.4054
12.486
12.5661
12.6456
12.7247
12.8033
12.8814
12.959
13.0362
13.1129
13.1892
13.265
13.3404
13.4153
13.4899
13.564
13.6377
13.7111
13.784
13.8566
13.9287
14.0005
14.0719
14.143
14.2137
14.2841
14.3541
14.4237
14.4931
14.5621
14.6307
14.6991
14.7671
14.8348
14.9022
14.9694
15.0362
15.1027
15.1689
15.2348
15.3004
15.3658
15.4309
15.4957
15.5602
15.6245
15.6885
15.7522
15.8157
15.8789
15.9419
16.0046
16.0671
16.1294
16.1914
16.2531
16.3146
16.3759
16.437
16.4978
16.5585
16.6189
16.679
16.739
16.7987
16.8582
16.9176
16.9767
17.0356
17.0943
17.1528
17.2111
17.2692
17.3271
17.3848
17.4423
17.4997
17.5568
17.6138
17.6705
17.7271
17.7835
17.8398
17.8958
17.9517
18.0074
18.0629
18.1183
18.1735
18.2285
18.2834
18.3381
18.3926
18.447
18.5012
18.5552
18.6091
18.6629
18.7164
18.7699
18.8231
18.8763
18.9293
18.9821
19.0348
19.0873
19.1397
19.1919
19.244
19.296
19.3478
19.3995
19.4511
19.5025
19.5537
19.6049
19.6559
19.7068
19.7575
19.8081
19.8586
19.909
19.9592
20.0093
20.0593
20.1091
20.1589
20.2085
20.2579
20.3073
20.3566
20.4057
20.4547
20.5036
20.5523
20.601
20.6495
20.698
20.7463
20.7945
20.8426
20.8906
20.9384
20.9862
21.0338
21.0814
21.1288
21.1761
21.2234
21.2705
21.3175
21.3644
21.4112
21.4579
21.5045
21.551
21.5974
21.6437
21.6899
21.736
21.782
21.8279
21.8738
21.9195
21.9651
22.0106
22.0561
22.1014
22.1466
22.1918
22.2369
22.2818
22.3267
22.3715
22.4162
22.4608
22.5053
22.5498
22.5941
22.6384
22.6825
22.7266
22.7706
22.8145
22.8584
22.9021
22.9458
22.9894
23.0329
23.0763
23.1196
23.1629
23.206
23.2491
23.2921
23.3351
23.3779
23.4207
23.4634
23.506
23.5486
23.591
23.6334
23.6757
23.718
23.7601
23.8022
23.8442
23.8862
23.928
23.9698
24.0116
24.0532
24.0948
24.1363
24.1777
24.2191
24.2604
24.3016
24.3427
24.3838
24.4248
24.4658
24.5066
24.5474
24.5882
24.6288
24.6694
24.71
24.7505
24.7909
24.8312
24.8715
24.9117
24.9518
24.9919
25.0319
25.0719
25.1117
25.1516
25.1913
25.231
25.2707
25.3102
25.3497
25.3892
25.4286
25.4679
25.5072
25.5464
25.5855
25.6246
25.6636
25.7026
25.7415
25.7803
25.8191
25.8579
25.8579
25.8579
25.8579
25.8579
25.8579
25.8579
25.8579
25.8579
25.8579
25.8579
25.8579
25.8579
25.8579
25.8579
25.8579
25.8579
25.8579
25.8579
25.8579
25.8579
25.8579
25.8579
25.8579
25.8579
2
2.5
2.9
3.24483
3.55301
3.83446
4.09525
4.33944
4.56988
4.78871
4.99753
5.19763
5.39003
5.57555
5.75491
5.92867
6.09735
6.26135
6.42106
6.5768
6.72885
6.87746
7.02286
7.16526
7.30482
7.44171
7.57609
7.70809
7.83782
7.96541
8.09095
8.21454
8.33628
8.45624
8.57449
8.69112
8.80618
8.91974
9.03185
9.14257
9.25194
9.36003
9.46687
9.5725
9.67696
9.7803
9.88255
9.98374
10.0839
10.1831
10.2813
10.3785
10.4749
10.5704
10.665
10.7587
10.8517
10.9438
11.0352
11.1258
11.2157
11.3049
11.3933
11.4811
11.5682
11.6546
11.7404
11.8256
11.9102
11.9941
12.0775
12.1603
12.2425
12.3242
12.4054
12.486
12.5661
12.6456
12.7247
12.8033
12.8814
12.959
13.0362
13.1129
13.1892
13.265
13.265
13.265
13.265
13.265
13.265
13.265
13.265
13.265
13.265
13.265
13.265
13.265
13.265
2
2.5
2.9
3.24483
3.55301
3.83446
4.09525
4.33944
4.56988
4.78871
4.99753
5.19763
5.39003
5.57555
5.75491
5.92867
6.09735
6.26135
6.42106
6.5768
6.72885
6.87746
7.02286
7.16526
7.30482
7.44171
7.57609
7.70809
7.83782
7.83782
7.83782
7.83782
7.83782
7.83782
7.83782
7.83782
2
2.5
2.9
3.24483
3.55301
3.83446
4.09525
4.33944
4.56988
4.78871
4.99753
5.19763
5.39003
5.57555
5.75491
5.92867
6.09735
6.26135
6.42106
6.5768
6.72885
6.87746
7.02286
7.16526
7.30482
7.44171
7.57609
7.70809
7.83782
7.96541
8.09095
8.21454
8.33628
8.45624
8.57449
8.69112
8.80618
8.91974
9.03185
9.14257
9.25194
9.36003
9.46687
9.5725
9.67696
9.7803
9.88255
9.98374
10.0839
10.1831
10.2813
10.3785
10.4749
10.5704
10.665
10.7587
10.8517
10.9438
11.0352
11.1258
11.2157
11.3049
11.3933
11.4811
11.5682
11.6546
11.7404
11.8256
11.9102
11.9941
12.0775
12.1603
12.2425
12.3242
12.4054
12.486
12.5661
12.6456
12.7247
12.8033
12.8814
12.959
13.0362
13.1129
13.1892
13.265
13.3404
13.4153
13.4899
13.564
13.6377
13.7111
13.784
13.8566
13.9287
14.0005
14.0719
14.143
14.2137
14.2841
14.3541
14.4237
14.4931
14.5621
14.6307
14.6991
14.7671
14.8348
14.9022
14.9694
15.0362
15.1027
15.1689
15.2348
15.3004
15.3658
15.4309
15.4957
15.5602
15.6245
15.6885
15.7522
15.8157
15.8789
15.9419
16.0046
16.0671
16.1294
16.1914
16.2531
16.3146
16.3759
16.437
16.4978
16.5585
16.6189
16.679
16.739
16.7987
16.7987
16.7987
16.7987
16.7987
16.7987
16.7987
16.7987
16.7987
16.7987
16.7987
16.7987
16.7987
16.7987
16.7987
16.7987
16.7987
2
2.5
2.9
3.24483
3.55301
3.83446
4.09525
4.33944
4.56988
4.78871
4.99753
5.19763
5.39003
5.57555
5.75491
5.92867
6.09735
6.26135
6.42106
6.5768
6.72885
6.87746
7.02286
7.16526
7.30482
7.44171
7.57609
7.70809
7.83782
7.96541
8.09095
8.21454
8.33628
8.45624
8.57449
8.69112
8.80618
8.91974
9.03185
9.14257
9.25194
9.36003
9.46687
9.5725
9.67696
9.7803
9.88255
9.98374
10.0839
10.1831
10.1831
10.1831
10.1831
10.1831
10.1831
10.1831
10.1831
10.1831
10.1831
10.1831
2
2.5
2.9
3.24483
3.55301
3.83446
4.09525
4.33944
4.56988
4.78871
4.99753
5.19763
5.39003
5.57555
5.75491
5.92867
6.09735
6.26135
6.42106
6.5768
6.72885
6.87746
7.02286
7.16526
7.30482
7.44171
7.57609
7.70809
7.83782
7.96541
8.09095
8.21454
8.33628
8.45624
8.57449
8.69112
8.80618
8.91974
9.03185
9.14257
9.25194
9.36003
9.46687
9.5725
9.67696
9.7803
9.88255
9.98374
10.0839
10.1831
10.2813
10.3785
10.4749
10.5704
10.665
10.7587
10.8517
10.9438
11.0352
11.1258
11.2157
11.3049
11.3933
11.4811
11.5682
11.6546
11.7404
11.8256
11.9102
11.9941
12.0775
12.1603
12.2425
12.3242
12.4054
12.486
12.5661
12.6456
12.7247
12.8033
12.8814
12.959
13.0362
13.1129
13.1892
13.265
13.3404
13.4153
13.4899
13.564
13.6377
13.7111
13.784
13.8566
13.9287
14.0005
14.0719
14.143
14.2137
14.2841
14.3541
14.4237
14.4931
14.5621
14.6307
14.6991
14.7671
14.8348
14.9022
14.9694
15.0362
15.1027
15.1689
15.2348
15.3004
15.3658
15.4309
15.4957
15.5602
15.6245
15.6885
15.7522
15.8157
15.8789
15.9419
16.0046
16.0671
16.1294
16.1914
16.2531
16.3146
16.3759
16.437
16.4978
16.5585
16.6189
16.679
16.739
16.7987
16.8582
16.9176
16.9767
17.0356
17.0943
17.1528
17.2111
17.2692
17.3271
17.3848
17.4423
17.4997
17.5568
17.6138
17.6705
17.7271
17.7835
17.8398
17.8958
17.9517
18.0074
18.0629
18.1183
18.1735
18.2285
18.2834
18.3381
18.3926
18.447
18.5012
18.5552
18.6091
18.6629
18.7164
18.7699
18.8231
18.8763
18.9293
18.9821
19.0348
19.0873
19.1397
19.1919
19.244
19.296
19.3478
19.3995
19.4511
19.5025
19.5537
19.6049
19.6559
19.7068
19.7575
19.8081
19.8586
19.909
19.9592
20.0093
20.0593
20.1091
20.1589
20.2085
20.2579
20.3073
20.3566
20.4057
20.4547
20.5036
20.5523
20.601
20.6495
20.698
20.7463
20.7945
20.8426
20.8906
20.9384
20.9862
21.0338
21.0814
21.1288
21.1761
21.2234
21.2705
21.3175
21.3644
21.4112
21.4579
21.5045
21.551
21.5974
21.6437
21.6899
21.736
21.782
21.8279
21.8738
21.9195
21.9651
22.0106
22.0561
22.1014
22.1466
22.1918
22.2369
22.2818
22.3267
22.3715
22.3715
22.3715
22.3715
22.3715
22.3715
22.3715
22.3715
22.3715
22.3715
22.3715
22.3715
22.3715
22.3715
22.3715
22.3715
22.3715
22.3715
22.3715
22.3715
22.3715
22.3715
22.3715
2
2.5
2.9
3.24483
3.55301
3.83446
4.09525
4.33944
4.56988
4.78871
4.99753
5.19763
5.39003
5.57555
5.75491
5.92867
6.09735
6.26135
6.42106
6.5768
6.72885
6.87746
7.02286
7.16526
7.30482
7.44171
7.57609
7.70809
7.83782
7.96541
8.09095
8.21454
8.33628
8.45624
8.57449
8.69112
8.80618
8.91974
9.03185
9.14257
9.25194
9.36003
9.46687
9.5725
9.67696
9.7803
9.88255
9.98374
10.0839
10.1831
10.2813
10.3785
10.4749
10.5704
10.665
10.7587
10.8517
10.9438
11.0352
11.1258
11.2157
11.3049
11.3933
11.4811
11.5682
11.6546
11.7404
11.8256
11.9102
11.9941
12.0775
12.1603
12.1603
12.1603
12.1603
12.1603
12.1603
12.1603
12.1603
12.1603
12.1603
12.1603
12.1603
12.1603
2
2.5
2.9
3.24483
3.55301
3.83446
4.09525
4.33944
4.56988
4.78871
4.99753
5.19763
5.39003
5.57555
5.75491
5.92867
6.09735
6.26135
6.26135
6.26135
6.26135
6.26135
6.26135
6.26135
2
2.5
2.9
3.24483
3.55301
3.83446
4.09525
4.33944
4.56988
4.78871
4.99753
4.99753
4.99753
4.99753
4.99753
2
2.5
2.9
3.24483
3.55301
3.83446
4.09525
4.33944
4.56988
4.78871
4.99753
5.19763
5.39003
5.57555
5.75491
5.92867
6.09735
6.26135
6.42106
6.5768
6.72885
6.87746
7.02286
7.16526
7.30482
7.44171
7.57609
7.70809
7.83782
7.96541
8.09095
8.21454
8.33628
8.45624
8.57449
8.69112
8.80618
8.91974
9.03185
9.14257
9.25194
9.36003
9.46687
9.5725
9.67696
9.7803
9.88255
9.98374
10.0839
10.1831
10.2813
10.3785
10.4749
10.5704
10.665
10.7587
10.8517
10.9438
11.0352
11.1258
11.2157
11.3049
11.3933
11.4811
11.5682
11.6546
11.7404
11.8256
11.9102
11.9941
12.0775
12.1603
12.2425
12.3242
12.4054
12.486
12.5661
12.6456
12.7247
12.8033
12.8814
12.959
13.0362
13.1129
13.1892
13.265
13.3404
13.4153
13.4899
13.564
13.6377
13.6377
13.6377
13.6377
13.6377
13.6377
13.6377
13.6377
13.6377
13.6377
13.6377
13.6377
13.6377
13.6377
2
2.5
2.9
3.24483
3.55301
3.83446
4.09525
4.33944
4.56988
4.78871
4.99753
5.19763
5.39003
5.57555
5.75491
5.92867
6.09735
6.26135
6.42106
6.5768
6.72885
6.87746
7.02286
7.16526
7.30482
7.44171
7.57609
7.70809
7.83782
7.96541
8.09095
8.21454
8.33628
8.45624
8.57449
8.69112
8.80618
8.91974
9.03185
9.14257
9.25194
9.36003
9.46687
9.5725
9.67696
9.7803
9.88255
9.98374
10.0839
10.1831
10.2813
10.3785
10.4749
10.5704
10.665
10.7587
10.8517
10.9438
11.0352
11.1258
11.2157
11.3049
11.3933
11.4811
11.5682
11.6546
11.7404
11.8256
11.9102
11.9941
12.0775
12.1603
12.2425
12.3242
12.4054
12.486
12.5661
12.6456
12.7247
12.8033
12.8814
12.959
13.0362
13.1129
13.1892
13.265
13.3404
13.4153
13.4899
13.564
13.6377
13.7111
13.784
13.8566
13.9287
14.0005
14.0719
14.143
14.2137
14.2841
14.3541
14.4237
14.4931
14.5621
14.6307
14.6991
14.7671
14.8348
14.9022
14.9694
15.0362
15.1027
15.1689
15.2348
15.3004
15.3658
15.4309
15.4957
15.5602
15.6245
15.6885
15.7522
15.8157
15.8789
15.9419
16.0046
16.0671
16.1294
16.1914
16.1914
16.1914
16.1914
16.1914
16.1914
16.1914
16.1914
16.1914
16.1914
16.1914
16.1914
16.1914
16.1914
16.1914
16.1914
2
2.5
2.9
3.24483
3.55301
3.83446
4.09525
4.33944
4.56988
4.78871
4.99753
5.19763
5.39003
5.57555
5.75491
5.92867
6.09735
6.26135
6.42106
6.5768
6.72885
6.87746
7.02286
7.16526
7.30482
7.44171
7.57609
7.70809
7.83782
7.96541
8.09095
8.21454
8.33628
8.45624
8.57449
8.69112
8.80618
8.91974
9.03185
9.14257
9.25194
9.36003
9.46687
9.5725
9.67696
9.7803
9.88255
9.98374
10.0839
10.1831
10.2813
10.3785
10.4749
10.5704
10.665
10.7587
10.8517
10.9438
11.0352
11.1258
11.2157
11.3049
11.3933
11.4811
11.5682
11.6546
11.7404
11.8256
11.9102
11.9941
12.0775
12.1603
12.2425
12.3242
12.4054
12.486
12.5661
12.6456
12.7247
12.8033
12.8814
12.959
13.0362
13.1129
13.1892
13.265
13.3404
13.4153
13.4899
13.564
13.6377
13.7111
13.784
13.8566
13.9287
14.0005
14.0719
14.143
14.2137
14.2841
14.3541
14.4237
14.4931
14.5621
14.6307
14.6991
14.7671
14.8348
14.9022
14.9694
15.0362
15.1027
15.1689
15.2348
15.3004
15.3658
15.4309
15.4957
15.5602
15.6245
15.6885
15.7522
15.8157
15.8789
15.8789
15.8789
15.8789
15.8789
15.8789
15.8789
15.8789
15.8789
15.8789
15.8789
15.8789
15.8789
15.8789
15.8789
15.8789
2
2.5
2.9
3.24483
3.55301
3.83446
4.09525
4.33944
4.56988
4.78871
4.99753
5.19763
5.39003
5.57555
5.75491
5.92867
6.09735
6.26135
6.42106
6.5768
6.72885
6.87746
7.02286
7.16526
7.30482
7.44171
7.57609
7.70809
7.83782
7.96541
8.09095
8.21454
8.33628
8.45624
8.57449
8.69112
8.80618
8.91974
8.91974
8.91974
8.91974
8.91974
8.91974
8.91974
8.91974
8.91974
2
2.5
2.9
3.24483
3.55301
3.83446
4.09525
4.33944
4.56988
4.78871
4.99753
5.19763
5.39003
5.57555
5.75491
5.92867
6.09735
6.26135
6.42106
6.5768
6.72885
6.87746
7.02286
7.16526
7.30482
7.44171
7.57609
7.70809
7.83782
7.96541
8.09095
8.21454
8.33628
8.45624
8.57449
8.69112
8.80618
8.91974
9.03185
9.14257
9.25194
9.36003
9.46687
9.5725
9.67696
9.7803
9.88255
9.98374
10.0839
10.1831
10.2813
10.3785
10.4749
10.5704
10.665
10.7587
10.8517
10.9438
11.0352
11.1258
11.2157
11.3049
11.3933
11.4811
11.5682
11.6546
11.7404
11.8256
11.9102
11.9941
12.0775
12.1603
12.2425
12.3242
12.4054
12.486
12.5661
12.6456
12.7247
12.8033
12.8814
12.959
13.0362
13.1129
13.1892
13.265
13.3404
13.4153
13.4899
13.564
13.6377
13.7111
13.784
13.8566
13.9287
14.0005
14.0719
14.143
14.2137
14.2841
14.3541
14.4237
14.4931
14.5621
14.6307
14.6991
14.7671
14.8348
14.9022
14.9694
15.0362
15.1027
15.1689
15.2348
15.3004
15.3658
15.4309
15.4957
15.5602
15.6245
15.6885
15.7522
15.8157
15.8789
15.9419
16.0046
16.0671
16.1294
16.1914
16.2531
16.3146
16.3759
16.437
16.4978
16.5585
16.6189
16.679
16.739
16.7987
16.8582
16.9176
16.9767
17.0356
17.0943
17.1528
17.2111
17.2692
17.3271
17.3848
17.4423
17.4997
17.5568
17.6138
17.6705
17.7271
17.7835
17.8398
17.8958
17.9517
18.0074
18.0629
18.1183
18.1735
18.2285
18.2834
18.3381
18.3926
18.447
18.5012
18.5552
18.6091
18.6629
18.7164
18.7699
18.8231
18.8763
18.9293
18.9821
19.0348
19.0873
19.1397
19.1919
19.244
19.296
19.3478
19.3995
19.4511
19.5025
19.5537
19.6049
19.6559
19.7068
19.7575
19.8081
19.8586
19.909
19.9592
20.0093
20.0593
20.1091
20.1589
20.2085
20.2579
20.3073
20.3566
20.4057
20.4547
20.5036
20.5523
20.601
20.6495
20.698
20.7463
20.7945
20.8426
20.8906
20.9384
20.9862
21.0338
21.0814
21.1288
21.1761
21.2234
21.2705
21.3175
21.3644
21.4112
21.4579
21.5045
21.551
21.5974
21.6437
21.6899
21.736
21.782
21.8279
21.8738
21.9195
21.9651
22.0106
22.0561
22.1014
22.1466
22.1918
22.2369
22.2818
22.3267
22.3715
22.4162
22.4608
22.5053
22.5498
22.5941
22.6384
22.6825
22.7266
22.7706
22.8145
22.8584
22.9021
22.9458
22.9894
23.0329
23.0763
23.1196
23.1629
23.206
23.2491
23.2921
23.3351
23.3779
23.4207
23.4634
23.506
23.506
23.506
23.506
23.506
23.506
23.506
23.506
23.506
23.506
23.506
23.506
23.506
23.506
23.506
23.506
23.506
23.506
23.506
23.506
23.506
23.506
23.506
23.506
2
2.5
2.9
3.24483
3.55301
3.83446
4.09525
4.33944
4.56988
4.78871
4.99753
5.19763
5.39003
5.57555
5.75491
5.92867
6.09735
6.26135
6.42106
6.5768
6.72885
6.87746
7.02286
7.16526
7.30482
7.44171
7.57609
7.70809
7.83782
7.96541
8.09095
8.21454
8.33628
8.45624
8.57449
8.69112
8.80618
8.91974
9.03185
9.14257
9.25194
9.36003
9.46687
9.5725
9.67696
9.7803
9.88255
9.98374
10.0839
10.1831
10.2813
10.3785
10.4749
10.5704
10.665
10.7587
10.8517
10.9438
11.0352
11.1258
11.2157
11.3049
11.3933
11.4811
11.5682
11.6546
11.7404
11.8256
11.9102
11.9941
12.0775
12.1603
12.2425
12.3242
12.4054
12.486
12.5661
12.6456
12.7247
12.8033
12.8814
12.959
13.0362
13.1129
13.1892
13.265
13.3404
13.4153
13.4899
13.564
13.6377
13.7111
13.784
13.8566
13.9287
14.0005
14.0719
14.143
14.2137
14.2841
14.3541
14.4237
14.4931
14.5621
14.6307
14.6991
14.7671
14.8348
14.9022
14.9694
15.0362
15.1027
15.1689
15.2348
15.3004
15.3658
15.4309
15.4309
15.4309
15.4309
15.4309
15.4309
15.4309
15.4309
15.4309
15.4309
15.4309
15.4309
15.4309
15.4309
15.4309
15.4309
2
2.5
2.9
3.24483
3.55301
3.83446
4.09525
4.33944
4.56988
4.78871
4.99753
5.19763
5.39003
5.57555
5.75491
5.92867
6.09735
6.26135
6.42106
6.5768
6.72885
6.87746
7.02286
7.16526
7.30482
7.44171
7.57609
7.70809
7.83782
7.96541
8.09095
8.21454
8.33628
8.45624
8.57449
8.69112
8.80618
8.91974
9.03185
9.14257
9.25194
9.36003
9.46687
9.5725
9.67696
9.7803
9.88255
9.98374
10.0839
10.1831
10.2813
10.3785
10.4749
10.5704
10.665
10.7587
10.8517
10.9438
11.0352
11.1258
11.2157
11.3049
11.3933
11.4811
11.5682
11.6546
11.7404
11.8256
11.9102
11.9941
12.0775
12.1603
12.2425
12.3242
12.4054
12.486
12.5661
12.6456
12.7247
12.8033
12.8814
12.959
13.0362
13.1129
13.1892
13.265
13.3404
13.4153
13.4899
13.564
13.6377
13.7111
13.784
13.8566
13.9287
14.0005
14.0719
14.143
14.2137
14.2841
14.3541
14.4237
14.4931
14.5621
14.6307
14.6991
14.7671
14.8348
14.9022
14.9694
15.0362
15.1027
15.1689
15.2348
15.3004
15.3658
15.4309
15.4957
15.5602
15.6245
15.6885
15.7522
15.8157
15.8789
15.9419
16.0046
16.0671
16.1294
16.1914
16.2531
16.3146
16.3759
16.437
16.4978
16.5585
16.6189
16.679
16.739
16.7987
16.8582
16.9176
16.9767
17.0356
17.0943
17.1528
17.2111
17.2692
17.3271
17.3848
17.4423
17.4997
17.5568
17.6138
17.6705
17.7271
17.7835
17.8398
17.8958
17.9517
18.0074
18.0629
18.1183
18.1735
18.2285
18.2834
18.3381
18.3926
18.447
18.5012
18.5552
18.6091
18.6629
18.7164
18.7699
18.8231
18.8763
18.9293
18.9821
19.0348
19.0873
19.1397
19.1919
19.244
19.296
19.3478
19.3995
19.4511
19.5025
19.5537
19.6049
19.6559
19.7068
19.7575
19.8081
19.8586
19.909
19.9592
20.0093
20.0093
20.0093
20.0093
20.0093
20.0093
20.0093
20.0093
20.0093
20.0093
20.0093
20.0093
20.0093
20.0093
20.0093
20.0093
20.0093
20.0093
20.0093
20.0093
20.0093
2
2.5
2.9
3.24483
3.55301
3.83446
4.09525
4.33944
4.56988
4.78871
4.99753
5.19763
5.39003
5.57555
5.75491
5.92867
6.09735
6.26135
6.42106
6.5768
6.72885
6.87746
7.02286
7.16526
7.30482
7.44171
7.57609
7.70809
7.83782
7.96541
8.09095
8.21454
8.33628
8.45624
8.57449
8.69112
8.80618
8.91974
9.03185
9.14257
9.25194
9.36003
9.46687
9.5725
9.67696
9.7803
9.88255
9.98374
10.0839
10.1831
10.2813
10.3785
10.4749
10.5704
10.665
10.7587
10.8517
10.9438
11.0352
11.1258
11.2157
11.3049
11.3933
11.4811
11.5682
11.6546
11.7404
11.8256
11.9102
11.9941
12.0775
12.1603
12.2425
12.3242
12.4054
12.486
12.5661
12.6456
12.7247
12.8033
12.8814
12.959
13.0362
13.1129
13.1892
13.265
13.3404
13.4153
13.4899
13.564
13.6377
13.7111
13.784
13.8566
13.9287
14.0005
14.0719
14.143
14.2137
14.2841
14.3541
14.4237
14.4931
14.5621
14.6307
14.6991
14.7671
14.8348
14.9022
14.9694
15.0362
15.1027
15.1689
15.2348
15.2348
15.2348
15.2348
15.2348
15.2348
15.2348
15.2348
15.2348
15.2348
15.2348
15.2348
15.2348
15.2348
15.2348
15.2348
2
2.5
2.9
3.24483
3.55301
3.83446
4.09525
4.33944
4.56988
4.78871
4.99753
5.19763
5.39003
5.57555
5.75491
5.92867
6.09735
6.26135
6.42106
6.5768
6.72885
6.87746
7.02286
7.16526
7.30482
7.44171
7.57609
7.70809
7.83782
7.96541
8.09095
8.21454
8.33628
8.45624
8.57449
8.69112
8.80618
8.91974
9.03185
9.14257
9.25194
9.36003
9.46687
9.5725
9.67696
9.7803
9.88255
9.98374
10.0839
10.1831
10.2813
10.3785
10.4749
10.5704
10.665
10.7587
10.8517
10.9438
11.0352
11.1258
11.2157
11.3049
11.3933
11.4811
11.5682
11.6546
11.7404
11.8256
11.9102
11.9941
12.0775
12.0775
12.0775
12.0775
12.0775
12.0775
12.0775
12.0775
12.0775
12.0775
12.0775
12.0775
2
2.5
2.9
3.24483
3.55301
3.83446
4.09525
4.33944
4.56988
4.78871
4.99753
5.19763
5.39003
5.57555
5.75491
5.92867
6.09735
6.26135
6.42106
6.5768
6.72885
6.87746
7.02286
7.16526
7.30482
7.44171
7.57609
7.70809
7.83782
7.96541
8.09095
8.21454
8.33628
8.45624
8.57449
8.69112
8.80618
8.91974
9.03185
9.14257
9.25194
9.36003
9.46687
9.5725
9.67696
9.7803
9.88255
9.98374
10.0839
10.1831
10.2813
10.3785
10.4749
10.5704
10.665
10.7587
10.8517
10.9438
11.0352
11.1258
11.2157
11.3049
11.3933
11.4811
11.5682
11.6546
11.7404
11.8256
11.9102
11.9941
12.0775
12.1603
12.2425
12.3242
12.4054
12.486
12.5661
12.6456
12.7247
12.8033
12.8814
12.959
13.0362
13.1129
13.1892
13.265
13.3404
13.4153
13.4899
13.564
13.6377
13.7111
13.784
13.8566
13.9287
14.0005
14.0719
14.143
14.2137
14.2841
14.3541
14.4237
14.4931
14.5621
14.6307
14.6991
14.7671
14.8348
14.9022
14.9694
15.0362
15.1027
15.1689
15.2348
15.3004
15.3658
15.4309
15.4957
15.5602
15.6245
15.6885
15.7522
15.8157
15.8789
15.9419
16.0046
16.0671
16.1294
16.1914
16.2531
16.3146
16.3759
16.437
16.4978
16.5585
16.6189
16.679
16.739
16.7987
16.8582
16.9176
16.9767
17.0356
17.0943
17.1528
17.2111
17.2692
17.3271
17.3848
17.4423
17.4997
17.5568
17.6138
17.6705
17.7271
17.7835
17.8398
17.8958
17.9517
18.0074
18.0629
18.1183
18.1735
18.2285
18.2834
18.3381
18.3926
18.447
18.5012
18.5552
18.6091
18.6629
18.7164
18.7699
18.8231
18.8763
18.9293
18.9821
19.0348
19.0873
19.1397
19.1919
19.244
19.296
19.3478
19.3995
19.4511
19.5025
19.5537
19.6049
19.6559
19.7068
19.7575
19.8081
19.8586
19.909
19.9592
20.0093
20.0593
20.1091
20.1589
20.2085
20.2579
20.3073
20.3566
20.4057
20.4547
20.5036
20.5523
20.601
20.6495
20.698
20.7463
20.7945
20.8426
20.8906
20.9384
20.9862
21.0338
21.0814
21.1288
21.1761
21.2234
21.2705
21.3175
21.3644
21.4112
21.4579
21.5045
21.551
21.5974
21.6437
21.6899
21.736
21.782
21.8279
21.8738
21.9195
21.9651
22.0106
22.0561
22.1014
22.1466
22.1918
22.2369
22.2818
22.3267
22.3715
22.4162
22.4608
22.5053
22.5498
22.5941
22.6384
22.6825
22.7266
22.7706
22.8145
22.8584
22.9021
22.9458
22.9894
23.0329
23.0763
23.1196
23.1629
23.206
23.2491
23.2921
23.3351
23.3779
23.4207
23.4634
23.506
23.5486
23.591
23.6334
23.6757
23.718
23.7601
23.8022
23.8442
23.8862
23.928
23.9698
24.0116
24.0532
24.0948
24.1363
24.1777
24.2191
24.2604
24.3016
24.3427
24.3838
24.4248
24.4658
24.5066
24.5474
24.5882
24.6288
24.6694
24.71
24.7505
24.7909
24.8312
24.8715
24.9117
24.9518
24.9919
25.0319
25.0719
25.1117
25.1516
25.1913
25.231
25.2707
25.3102
25.3497
25.3892
25.4286
25.4679
25.5072
25.5464
25.5855
25.6246
25.6636
25.7026
25.7415
25.7803
25.8191
25.8579
25.8579
25.8579
25.8579
25.8579
25.8579
25.8579
25.8579
25.8579
25.8579
25.8579
25.8579
25.8579
25.8579
25.8579
25.8579
25.8579
25.8579
25.8579
25.8579
25.8579
25.8579
25.8579
25.8579
25.8579
25.8579
2
2.5
2.9
3.24483
3.55301
3.83446
4.09525
4.33944
4.56988
4.78871
4.99753
5.19763
5.39003
5.57555
5.75491
5.92867
6.09735
6.26135
6.42106
6.5768
6.72885
6.87746
7.02286
7.16526
7.30482
7.44171
7.57609
7.70809
7.83782
7.96541
8.09095
8.21454
8.33628
8.45624
8.57449
8.69112
8.80618
8.91974
9.03185
9.14257
9.25194
9.36003
9.46687
9.5725
9.67696
9.7803
9.88255
9.98374
10.0839
10.1831
10.2813
10.3785
10.4749
10.5704
10.665
10.7587
10.8517
10.9438
11.0352
11.1258
11.2157
11.3049
11.3933
11.4811
11.5682
11.6546
11.7404
11.8256
11.9102
11.9941
12.0775
12.1603
12.2425
12.3242
12.4054
12.486
12.5661
12.6456
12.7247
12.8033
12.8814
12.959
13.0362
13.1129
13.1892
13.265
13.3404
13.4153
13.4899
13.564
13.6377
13.7111
13.784
13.8566
13.9287
14.0005
14.0719
14.143
14.2137
14.2841
14.3541
14.4237
14.4931
14.5621
14.6307
14.6991
14.7671
14.8348
14.9022
14.9694
15.0362
15.1027
15.1689
15.2348
15.3004
15.3658
15.4309
15.4957
15.5602
15.6245
15.6885
15.7522
15.8157
15.8789
15.9419
16.0046
16.0671
16.1294
16.1914
16.2531
16.3146
16.3759
16.437
16.4978
16.5585
16.6189
16.679
16.739
16.7987
16.8582
16.9176
16.9767
17.0356
17.0943
17.1528
17.2111
17.2692
17.3271
17.3848
17.4423
17.4997
17.5568
17.6138
17.6705
17.7271
17.7835
17.8398
17.8958
17.9517
18.0074
18.0629
18.1183
18.1735
18.2285
18.2834
18.3381
18.3926
18.447
18.5012
18.5552
18.6091
18.6629
18.6629
18.6629
18.6629
18.6629
18.6629
18.6629
18.6629
18.6629
18.6629
18.6629
18.6629
18.6629
18.6629
18.6629
18.6629
18.6629
18.6629
18.6629
2
2.5
2.9
3.24483
3.55301
3.83446
4.09525
4.33944
4.56988
4.78871
4.99753
5.19763
5.39003
5.57555
5.75491
5.92867
6.09735
6.26135
6.42106
6.5768
6.72885
6.87746
7.02286
7.16526
7.30482
7.44171
7.57609
7.70809
7.83782
7.96541
8.09095
8.21454
8.33628
8.45624
8.57449
8.57449
8.57449
8.57449
8.57449
8.57449
8.57449
8.57449
8.57449
2
2.5
2.9
3.24483
3.55301
3.83446
4.09525
4.33944
4.56988
4.78871
4.99753
5.19763
5.39003
5.57555
5.75491
5.92867
6.09735
6.26135
6.42106
6.5768
6.72885
6.87746
7.02286
7.16526
7.30482
7.44171
7.57609
7.70809
7.83782
7.96541
8.09095
8.21454
8.33628
8.45624
8.57449
8.69112
8.80618
8.91974
9.03185
9.14257
9.25194
9.36003
9.46687
9.5725
9.67696
9.7803
9.88255
9.98374
10.0839
10.1831
10.2813
10.3785
10.4749
10.5704
10.665
10.7587
10.8517
10.9438
11.0352
11.1258
11.2157
11.3049
11.3933
11.4811
11.5682
11.6546
11.7404
11.8256
11.9102
11.9941
12.0775
12.1603
12.2425
12.3242
12.4054
12.486
12.5661
12.6456
12.7247
12.8033
12.8814
12.959
13.0362
13.1129
13.1892
13.265
13.3404
13.4153
13.4899
13.564
13.6377
13.7111
13.784
13.8566
13.9287
14.0005
14.0719
14.143
14.2137
14.2841
14.3541
14.4237
14.4931
14.4931
14.4931
14.4931
14.4931
14.4931
14.4931
14.4931
14.4931
14.4931
14.4931
14.4931
14.4931
14.4931
14.4931
2
2.5
2.9
3.24483
3.55301
3.83446
4.09525
4.33944
4.56988
4.78871
4.99753
5.19763
5.39003
5.57555
5.75491
5.92867
6.09735
6.26135
6.42106
6.5768
6.72885
6.87746
7.02286
7.16526
7.30482
7.44171
7.57609
7.70809
7.83782
7.96541
8.09095
8.21454
8.33628
8.45624
8.57449
8.69112
8.80618
8.91974
9.03185
9.14257
9.25194
9.36003
9.46687
9.5725
9.67696
9.7803
9.88255
9.98374
10.0839
10.1831
10.2813
10.3785
10.4749
10.5704
10.665
10.7587
10.8517
10.9438
11.0352
11.1258
11.2157
11.3049
11.3933
11.4811
11.5682
11.6546
11.7404
11.8256
11.9102
11.9941
12.0775
12.1603
12.2425
12.3242
12.4054
12.486
12.5661
12.6456
12.7247
12.8033
12.8814
12.959
13.0362
13.1129
13.1892
13.265
13.3404
13.4153
13.4899
13.564
13.6377
13.7111
13.784
13.8566
13.9287
14.0005
14.0719
14.143
14.2137
14.2841
14.3541
14.4237
14.4931
14.5621
14.6307
14.6991
14.7671
14.8348
14.9022
14.9694
15.0362
15.1027
15.1689
15.2348
15.3004
15.3658
15.4309
15.4957
15.5602
15.6245
15.6885
15.7522
15.8157
15.8789
15.9419
16.0046
16.0671
16.1294
16.1914
16.2531
16.3146
16.3759
16.437
16.4978
16.5585
16.6189
16.679
16.739
16.7987
16.8582
16.9176
16.9767
17.0356
17.0943
17.1528
17.2111
17.2692
17.3271
17.3848
17.4423
17.4997
17.5568
17.6138
17.6705
17.7271
17.7835
17.8398
17.8958
17.9517
18.0074
18.0629
18.1183
18.1735
18.2285
18.2834
18.3381
18.3926
18.447
18.5012
18.5552
18.6091
18.6629
18.7164
18.7699
18.8231
18.8763
18.9293
18.9821
19.0348
19.0873
19.1397
19.1919
19.244
19.296
19.3478
19.3995
19.4511
19.5025
19.5537
19.6049
19.6559
19.7068
19.7575
19.8081
19.8586
19.909
19.9592
20.0093
20.0593
20.1091
20.1589
20.2085
20.2579
20.3073
20.3566
20.4057
20.4547
20.5036
20.5523
20.601
20.6495
20.698
20.7463
20.7945
20.8426
20.8906
20.9384
20.9862
21.0338
21.0814
21.1288
21.1761
21.2234
21.2705
21.3175
21.3644
21.4112
21.4579
21.5045
21.551
21.5974
21.6437
21.6899
21.736
21.782
21.8279
21.8738
21.9195
21.9651
22.0106
22.0561
22.1014
22.1466
22.1918
22.2369
22.2818
22.3267
22.3715
22.4162
22.4608
22.5053
22.5498
22.5941
22.6384
22.6825
22.7266
22.7706
22.8145
22.8584
22.9021
22.9458
22.9894
23.0329
23.0763
23.1196
23.1629
23.206
23.2491
23.2491
23.2491
23.2491
23.2491
23.2491
23.2491
23.2491
23.2491
23.2491
23.2491
23.2491
23.2491
23.2491
23.2491
23.2491
23.2491
23.2491
23.2491
23.2491
23.2491
23.2491
23.2491
23.2491
2
2.5
2.9
3.24483
3.55301
3.83446
4.09525
4.33944
4.56988
4.78871
4.99753
5.19763
5.39003
5.57555
5.75491
5.92867
6.09735
6.26135
6.42106
6.5768
6.72885
6.87746
7.02286
7.16526
7.30482
7.44171
7.57609
7.70809
7.83782
7.96541
8.09095
8.21454
8.33628
8.45624
8.57449
8.69112
8.80618
8.91974
9.03185
9.14257
9.25194
9.36003
9.46687
9.5725
9.67696
9.7803
9.88255
9.98374
10.0839
10.1831
10.2813
10.3785
10.4749
10.5704
10.665
10.7587
10.8517
10.9438
11.0352
11.1258
11.2157
11.3049
11.3933
11.4811
11.5682
11.6546
11.6546
11.6546
11.6546
11.6546
11.6546
11.6546
11.6546
11.6546
11.6546
11.6546
11.6546
2
2.5
2.9
3.24483
3.55301
3.83446
4.09525
4.33944
4.56988
4.78871
4.99753
5.19763
5.39003
5.57555
5.75491
5.92867
6.09735
6.26135
6.42106
6.5768
6.72885
6.87746
7.02286
7.16526
7.16526
7.16526
7.16526
7.16526
7.16526
7.16526
7.16526
2
2.5
2.9
3.24483
3.55301
3.83446
4.09525
4.33944
4.56988
4.78871
4.99753
5.19763
5.39003
5.57555
5.75491
5.92867
6.09735
6.26135
6.42106
6.5768
6.72885
6.87746
7.02286
7.16526
7.30482
7.44171
7.57609
7.70809
7.83782
7.96541
8.09095
8.21454
8.33628
8.45624
8.57449
8.69112
8.80618
8.91974
9.03185
9.14257
9.25194
9.36003
9.36003
9.36003
9.36003
9.36003
9.36003
9.36003
9.36003
9.36003
2
2.5
2.9
3.24483
3.55301
3.83446
4.09525
4.33944
4.56988
4.78871
4.99753
5.19763
5.39003
5.57555
5.75491
5.92867
6.09735
6.26135
6.42106
6.5768
6.72885
6.87746
7.02286
7.16526
7.30482
7.44171
7.57609
7.70809
7.83782
7.96541
8.09095
8.21454
8.33628
8.45624
8.57449
8.69112
8.80618
8.91974
9.03185
9.14257
9.25194
9.36003
9.46687
9.5725
9.67696
9.7803
9.88255
9.98374
10.0839
10.1831
10.2813
10.3785
10.4749
10.5704
10.665
10.7587
10.8517
10.9438
11.0352
11.1258
11.2157
11.3049
11.3933
11.4811
11.5682
11.6546
11.7404
11.8256
11.9102
11.9941
12.0775
12.1603
12.2425
12.3242
12.4054
12.486
12.5661
12.6456
12.7247
12.8033
12.8814
12.959
13.0362
13.1129
13.1892
13.265
13.3404
13.4153
13.4899
13.564
13.6377
13.7111
13.784
13.8566
13.9287
14.0005
14.0719
14.143
14.2137
14.2841
14.3541
14.4237
14.4931
14.5621
14.6307
14.6991
14.7671
14.8348
14.9022
14.9694
15.0362
15.1027
15.1689
15.2348
15.3004
15.3658
15.4309
15.4957
15.5602
15.6245
15.6885
15.7522
15.8157
15.8789
15.9419
16.0046
16.0671
16.1294
16.1914
16.2531
16.3146
16.3759
16.437
16.4978
16.5585
16.6189
16.679
16.739
16.7987
16.8582
16.9176
16.9767
17.0356
17.0943
17.1528
17.2111
17.2692
17.3271
17.3848
17.4423
17.4997
17.5568
17.6138
17.6705
17.7271
17.7835
17.8398
17.8958
17.9517
18.0074
18.0629
18.1183
18.1735
18.2285
18.2834
18.3381
18.3926
18.447
18.447
18.447
18.447
18.447
18.447
18.447
18.447
18.447
18.447
18.447
18.447
18.447
18.447
18.447
18.447
18.447
18.447
18.447
2
2.5
2.9
3.24483
3.55301
3.83446
4.09525
4.33944
4.56988
4.78871
4.99753
5.19763
5.39003
5.57555
5.75491
5.92867
6.09735
6.26135
6.42106
6.5768
6.72885
6.87746
7.02286
7.16526
7.30482
7.44171
7.57609
7.70809
7.83782
7.96541
8.09095
8.21454
8.33628
8.45624
8.57449
8.69112
8.80618
8.91974
9.03185
9.14257
9.25194
9.36003
9.46687
9.5725
9.67696
9.7803
9.88255
9.98374
10.0839
10.1831
10.2813
10.3785
10.4749
10.5704
10.665
10.7587
10.8517
10.9438
11.0352
11.1258
11.2157
11.3049
11.3933
11.4811
11.5682
11.6546
11.7404
11.8256
11.9102
11.9941
12.0775
12.1603
12.2425
12.3242
12.4054
12.486
12.5661
12.6456
12.7247
12.8033
12.8814
12.959
13.0362
13.1129
13.1892
13.265
13.3404
13.4153
13.4899
13.564
13.6377
13.7111
13.784
13.8566
13.9287
14.0005
14.0719
14.143
14.2137
14.2841
14.3541
14.4237
14.4931
14.5621
14.6307
14.6991
14.7671
14.8348
14.9022
14.9694
15.0362
15.1027
15.1689
15.2348
15.3004
15.3658
15.4309
15.4957
15.5602
15.6245
15.6885
15.7522
15.8157
15.8789
15.9419
16.0046
16.0671
16.1294
16.1914
16.2531
16.3146
16.3759
16.437
16.4978
16.5585
16.6189
16.679
16.739
16.7987
16.8582
16.9176
16.9767
17.0356
17.0943
17.1528
17.2111
17.2692
17.3271
17.3848
17.4423
17.4997
17.5568
17.6138
17.6705
17.7271
17.7835
17.8398
17.8958
17.9517
18.0074
18.0629
18.1183
18.1735
18.2285
18.2834
18.3381
18.3926
18.447
18.5012
18.5552
18.6091
18.6629
18.6629
18.6629
18.6629
18.6629
18.6629
18.6629
18.6629
18.6629
18.6629
18.6629
18.6629
18.6629
18.6629
18.6629
18.6629
18.6629
18.6629
18.6629
2
2.5
2.9
3.24483
3.55301
3.83446
4.09525
4.33944
4.56988
4.78871
4.99753
5.19763
5.39003
5.57555
5.75491
5.92867
6.09735
6.26135
6.42106
6.5768
6.72885
6.87746
7.02286
7.16526
7.30482
7.44171
7.57609
7.70809
7.83782
7.96541
8.09095
8.21454
8.33628
8.45624
8.57449
8.69112
8.80618
8.91974
9.03185
9.14257
9.25194
9.36003
9.46687
9.5725
9.67696
9.7803
9.88255
9.98374
10.0839
10.1831
10.2813
10.3785
10.4749
10.5704
10.665
10.7587
10.8517
10.9438
11.0352
11.1258
11.2157
11.3049
11.3933
11.4811
11.5682
11.6546
11.7404
11.8256
11.9102
11.9941
12.0775
12.1603
12.2425
12.3242
12.4054
12.486
12.5661
12.6456
12.7247
12.8033
12.8814
12.959
13.0362
13.1129
13.1892
13.265
13.3404
13.4153
13.4899
13.564
13.6377
13.7111
13.784
13.8566
13.9287
14.0005
14.0719
14.143
14.2137
14.2841
14.2841
14.2841
14.2841
14.2841
14.2841
14.2841
14.2841
14.2841
14.2841
14.2841
14.2841
14.2841
14.2841
14.2841
2
2.5
2.9
3.24483
3.55301
3.83446
4.09525
4.33944
4.56988
4.78871
4.99753
5.19763
5.39003
5.57555
5.75491
5.92867
6.09735
6.26135
6.42106
6.5768
6.72885
6.87746
7.02286
7.16526
7.30482
7.44171
7.57609
7.70809
7.83782
7.96541
8.09095
8.21454
8.33628
8.45624
8.57449
8.69112
8.80618
8.91974
9.03185
9.14257
9.25194
9.36003
9.46687
9.5725
9.67696
9.7803
9.88255
9.98374
10.0839
10.1831
10.2813
10.3785
10.4749
10.5704
10.665
10.7587
10.8517
10.9438
11.0352
11.1258
11.2157
11.3049
11.3933
11.4811
11.5682
11.6546
11.7404
11.8256
11.9102
11.9941
12.0775
12.1603
12.2425
12.3242
12.4054
12.486
12.5661
12.6456
12.7247
12.8033
12.8814
12.959
13.0362
13.1129
13.1892
13.265
13.3404
13.4153
13.4899
13.564
13.6377
13.7111
13.784
13.8566
13.9287
14.0005
14.0719
14.143
14.2137
14.2841
14.3541
14.4237
14.4931
14.5621
14.6307
14.6991
14.7671
14.8348
14.9022
14.9694
15.0362
15.1027
15.1689
15.2348
15.3004
15.3658
15.4309
15.4957
15.5602
15.6245
15.6885
15.7522
15.8157
15.8789
15.9419
16.0046
16.0671
16.1294
16.1914
16.2531
16.3146
16.3759
16.437
16.4978
16.5585
16.6189
16.679
16.739
16.7987
16.8582
16.9176
16.9767
17.0356
17.0943
17.1528
17.2111
17.2692
17.3271
17.3848
17.4423
17.4997
17.5568
17.6138
17.6705
17.7271
17.7835
17.8398
17.8958
17.9517
18.0074
18.0629
18.1183
18.1735
18.2285
18.2834
18.3381
18.3926
18.447
18.5012
18.5012
18.5012
18.5012
18.5012
18.5012
18.5012
18.5012
18.5012
18.5012
18.5012
18.5012
18.5012
18.5012
18.5012
18.5012
18.5012
18.5012
18.5012
2
2.5
2.9
2.9
2.9
2
2.5
2.9
3.24483
3.55301
3.83446
4.09525
4.33944
4.56988
4.78871
4.99753
5.19763
5.39003
5.57555
5.75491
5.92867
6.09735
6.26135
6.42106
6.5768
6.72885
6.87746
7.02286
7.16526
7.30482
7.44171
7.57609
7.70809
7.83782
7.96541
8.09095
8.21454
8.33628
8.45624
8.57449
8.69112
8.80618
8.91974
9.03185
9.14257
9.25194
9.36003
9.46687
9.5725
9.67696
9.7803
9.88255
9.98374
10.0839
10.1831
10.2813
10.3785
10.4749
10.5704
10.665
10.7587
10.8517
10.9438
11.0352
11.1258
11.2157
11.3049
11.3933
11.4811
11.5682
11.6546
11.6546
11.6546
11.6546
11.6546
11.6546
11.6546
11.6546
11.6546
11.6546
11.6546
11.6546
2
2.5
2.9
3.24483
3.55301
3.55301
3.55301
3.55301
2
2.5
2.9
3.24483
3.55301
3.83446
4.09525
4.33944
4.56988
4.78871
4.99753
5.19763
5.39003
5.57555
5.75491
5.92867
6.09735
6.26135
6.42106
6.5768
6.72885
6.87746
7.02286
7.16526
7.30482
7.44171
7.57609
7.70809
7.83782
7.96541
8.09095
8.21454
8.33628
8.45624
8.57449
8.69112
8.80618
8.91974
9.03185
9.14257
9.25194
9.36003
9.46687
9.5725
9.67696
9.7803
9.88255
9.98374
10.0839
10.1831
10.2813
10.3785
10.4749
10.5704
10.665
10.7587
10.8517
10.9438
11.0352
11.1258
11.2157
11.3049
11.3933
11.4811
11.5682
11.6546
11.7404
11.8256
11.9102
11.9941
12.0775
12.1603
12.2425
12.3242
12.4054
12.486
12.5661
12.6456
12.7247
12.8033
12.8814
12.959
13.0362
13.1129
13.1892
13.265
13.3404
13.4153
13.4899
13.564
13.6377
13.7111
13.784
13.8566
13.9287
14.0005
14.0719
14.143
14.2137
14.2841
14.3541
14.4237
14.4931
14.5621
14.6307
14.6991
14.7671
14.8348
14.9022
14.9694
15.0362
15.1027
15.1689
15.2348
15.3004
15.3658
15.4309
15.4957
15.5602
15.6245
15.6885
15.7522
15.8157
15.8789
15.9419
16.0046
16.0671
16.1294
16.1294
16.1294
16.1294
16.1294
16.1294
16.1294
16.1294
16.1294
16.1294
16.1294
16.1294
16.1294
16.1294
16.1294
16.1294
16.1294
2
2.5
2.9
3.24483
3.55301
3.83446
4.09525
4.33944
4.56988
4.78871
4.99753
5.19763
5.39003
5.57555
5.75491
5.92867
6.09735
6.26135
6.42106
6.5768
6.72885
6.87746
7.02286
7.16526
7.30482
7.44171
7.57609
7.70809
7.83782
7.96541
8.09095
8.21454
8.33628
8.33628
8.33628
8.33628
8.33628
8.33628
8.33628
8.33628
8.33628
2
2.5
2.9
3.24483
3.55301
3.83446
4.09525
4.33944
4.56988
4.78871
4.99753
5.19763
5.39003
5.57555
5.75491
5.92867
6.09735
6.26135
6.42106
6.5768
6.72885
6.87746
7.02286
7.16526
7.30482
7.44171
7.57609
7.70809
7.83782
7.96541
8.09095
8.21454
8.33628
8.45624
8.57449
8.69112
8.80618
8.91974
9.03185
9.14257
9.25194
9.36003
9.46687
9.5725
9.67696
9.7803
9.88255
9.98374
10.0839
10.1831
10.2813
10.3785
10.4749
10.5704
10.665
10.7587
10.8517
10.9438
11.0352
11.1258
11.2157
11.3049
11.3933
11.4811
11.5682
11.6546
11.7404
11.8256
11.9102
11.9941
12.0775
12.1603
12.2425
12.3242
12.4054
12.486
12.5661
12.6456
12.7247
12.8033
12.8814
12.959
13.0362
13.1129
13.1892
13.265
13.3404
13.4153
13.4899
13.564
13.6377
13.7111
13.784
13.8566
13.9287
14.0005
14.0719
14.143
14.2137
14.2841
14.3541
14.4237
14.4931
14.5621
14.6307
14.6991
14.7671
14.8348
14.9022
14.9694
15.0362
15.1027
15.1689
15.2348
15.3004
15.3658
15.4309
15.4957
15.5602
15.6245
15.6885
15.7522
15.8157
15.8789
15.9419
16.0046
16.0671
16.1294
16.1914
16.2531
16.3146
16.3759
16.437
16.4978
16.4978
16.4978
16.4978
16.4978
16.4978
16.4978
16.4978
16.4978
16.4978
16.4978
16.4978
16.4978
16.4978
16.4978
16.4978
16.4978
2
2.5
2.9
3.24483
3.55301
3.83446
4.09525
4.33944
4.56988
4.78871
4.99753
5.19763
5.39003
5.57555
5.75491
5.92867
6.09735
6.26135
6.42106
6.5768
6.72885
6.87746
7.02286
7.16526
7.30482
7.44171
7.57609
7.70809
7.83782
7.96541
8.09095
8.21454
8.33628
8.45624
8.57449
8.69112
8.80618
8.91974
9.03185
9.14257
9.25194
9.36003
9.46687
9.5725
9.67696
9.7803
9.88255
9.98374
10.0839
10.1831
10.2813
10.3785
10.4749
10.5704
10.665
10.7587
10.8517
10.9438
11.0352
11.1258
11.2157
11.3049
11.3933
11.4811
11.5682
11.6546
11.7404
